File X,File Y,400.0 nm,402.0 nm,404.0 nm,406.0 nm,408.0 nm,410.0 nm,412.0 nm,414.0 nm,416.1 nm,418.1 nm,420.1 nm,422.1 nm,424.1 nm,426.1 nm,428.1 nm,430.1 nm,432.1 nm,434.1 nm,436.1 nm,438.1 nm,440.1 nm,442.1 nm,444.1 nm,446.2 nm,448.2 nm,450.2 nm,452.2 nm,454.2 nm,456.2 nm,458.2 nm,460.2 nm,462.2 nm,464.2 nm,466.2 nm,468.2 nm,470.2 nm,472.2 nm,474.2 nm,476.3 nm,478.3 nm,480.3 nm,482.3 nm,484.3 nm,486.3 nm,488.3 nm,490.3 nm,492.3 nm,494.3 nm,496.3 nm,498.3 nm,500.3 nm,502.3 nm,504.3 nm,506.4 nm,508.4 nm,510.4 nm,512.4 nm,514.4 nm,516.4 nm,518.4 nm,520.4 nm,522.4 nm,524.4 nm,526.4 nm,528.4 nm,530.4 nm,532.4 nm,534.4 nm,536.5 nm,538.5 nm,540.5 nm,542.5 nm,544.5 nm,546.5 nm,548.5 nm,550.5 nm,552.5 nm,554.5 nm,556.5 nm,558.5 nm,560.5 nm,562.5 nm,564.5 nm,566.6 nm,568.6 nm,570.6 nm,572.6 nm,574.6 nm,576.6 nm,578.6 nm,580.6 nm,582.6 nm,584.6 nm,586.6 nm,588.6 nm,590.6 nm,592.6 nm,594.6 nm,596.7 nm,598.7 nm,600.7 nm,602.7 nm,604.7 nm,606.7 nm,608.7 nm,610.7 nm,612.7 nm,614.7 nm,616.7 nm,618.7 nm,620.7 nm,622.7 nm,624.7 nm,626.8 nm,628.8 nm,630.8 nm,632.8 nm,634.8 nm,636.8 nm,638.8 nm,640.8 nm,642.8 nm,644.8 nm,646.8 nm,648.8 nm,650.8 nm,652.8 nm,654.8 nm,656.9 nm,658.9 nm,660.9 nm,662.9 nm,664.9 nm,666.9 nm,668.9 nm,670.9 nm,672.9 nm,674.9 nm,676.9 nm,678.9 nm,680.9 nm,682.9 nm,684.9 nm,687.0 nm,689.0 nm,691.0 nm,693.0 nm,695.0 nm,697.0 nm,699.0 nm,701.0 nm,703.0 nm,705.0 nm,707.0 nm,709.0 nm,711.0 nm,713.0 nm,715.1 nm,717.1 nm,719.1 nm,721.1 nm,723.1 nm,725.1 nm,727.1 nm,729.1 nm,731.1 nm,733.1 nm,735.1 nm,737.1 nm,739.1 nm,741.1 nm,743.1 nm,745.2 nm,747.2 nm,749.2 nm,751.2 nm,753.2 nm,755.2 nm,757.2 nm,759.2 nm,761.2 nm,763.2 nm,765.2 nm,767.2 nm,769.2 nm,771.2 nm,773.2 nm,775.3 nm,777.3 nm,779.3 nm,781.3 nm,783.3 nm,785.3 nm,787.3 nm,789.3 nm,791.3 nm,793.3 nm,795.3 nm,797.3 nm,799.3 nm,801.3 nm,803.3 nm,805.4 nm,807.4 nm,809.4 nm,811.4 nm,813.4 nm,815.4 nm,817.4 nm,819.4 nm,821.4 nm,823.4 nm,825.4 nm,827.4 nm,829.4 nm,831.4 nm,833.4 nm,835.5 nm,837.5 nm,839.5 nm,841.5 nm,843.5 nm,845.5 nm,847.5 nm,849.5 nm,851.5 nm,853.5 nm,855.5 nm,857.5 nm,859.5 nm,861.5 nm,863.5 nm,865.6 nm,867.6 nm,869.6 nm,871.6 nm,873.6 nm,875.6 nm,877.6 nm,879.6 nm,881.6 nm,883.6 nm,885.6 nm,887.6 nm,889.6 nm,891.6 nm,893.6 nm,895.7 nm,897.7 nm,899.7 nm,901.7 nm,903.7 nm,905.7 nm,907.7 nm,909.7 nm,911.7 nm,913.7 nm,915.7 nm,917.7 nm,919.7 nm,921.7 nm,923.7 nm,925.8 nm,927.8 nm,929.8 nm,931.8 nm,933.8 nm,935.8 nm,937.8 nm,939.8 nm,941.8 nm,943.8 nm,945.8 nm,947.8 nm,949.8 nm,951.8 nm,953.8 nm,955.9 nm,957.9 nm,959.9 nm,961.9 nm,963.9 nm,965.9 nm,967.9 nm,969.9 nm,971.9 nm,973.9 nm,975.9 nm,977.9 nm,979.9 nm,981.9 nm,983.9 nm,986.0 nm,988.0 nm,990.0 nm,992.0 nm,994.0 nm,996.0 nm,998.0 nm,1000.0 nm
280,547,0.6389252948885976,0.6697819314641744,0.6052883083784645,0.7220216606498195,0.6010396361273554,0.5433045701502077,0.6418485237483954,0.4895767530006317,0.49531459170013387,0.47429958085153323,0.4407526699440583,0.3280409395092508,0.2938034188034188,0.19527782709036037,0.19688079061148855,0.1713032753186241,0.16199376947040497,0.18004115226337447,0.1584032947885316,0.16194527699893646,0.14965378601742238,0.13535684987694832,0.1259777376654633,0.12031805817116552,0.12978273408959815,0.12767220902612827,0.11150447411702394,0.09871538380541224,0.12303027290351445,0.1003664542632402,0.10654827968923418,0.10701193024093576,0.11430536729450322,0.10401417674705293,0.1114330287497214,0.10160790045990944,0.11424742728537804,0.0986688072780788,0.10186921932604617,0.0995266606062506,0.10237199708808542,0.09767776619027335,0.10565127986953131,0.10594532120695112,0.0987094893605745,0.10030864197530864,0.09612880018853648,0.09921715246772417,0.08904510837727006,0.09187006623718356,0.09372484590532688,0.10022631749110895,0.09981937446525335,0.10289455906043757,0.08621738954030916,0.10934828422601296,0.10879701585327944,0.10380394266247675,0.1026466182100649,0.11852538077981527,0.11812049188426886,0.11644897055567854,0.1318178643760039,0.12898454765119138,0.14148393418251848,0.14856565857211435,0.1503149651449495,0.15355768919923707,0.16110462606137166,0.16411507733480263,0.1625143852446269,0.16705787006949913,0.1697249777965107,0.16874888980993547,0.17306699437895853,0.1742660030693765,0.17268891174071843,0.17723292469352014,0.1722519089239606,0.17753487898435114,0.16972324108036013,0.17189331482342465,0.1653971145956493,0.16224986479177933,0.16722092650451684,0.15938408768921036,0.15318119585704726,0.15190258751902588,0.1473232271603899,0.15107630694414645,0.14304590446303223,0.1467856577813978,0.13788077539717242,0.13433825325377718,0.1322314049586777,0.13248174760202253,0.13273544671248924,0.1337396115537278,0.1287001287001287,0.12594106739941469,0.1246312074337552,0.12536473473588552,0.12046813590550065,0.12484462272497815,0.12304056544457212,0.12100940882144993,0.12179735759813426,0.11701726278030829,0.11878775852185033,0.11035462085894975,0.11145234792946304,0.11242749938151131,0.1138563759570536,0.11215519854501364,0.10929444364712247,0.11056015301525177,0.11196186073389194,0.10713687852240389,0.1054590570719603,0.10257456490816459,0.09706963890094329,0.10054540871278961,0.09608192854266154,0.09585361373863532,0.094094349127673,0.09395270368538933,0.09482708003053256,0.09101654846335698,0.08836708341019583,0.0896514089363565,0.08592416889545086,0.08504597989488562,0.08781531573316513,0.08393292854156396,0.0836909601177966,0.08407573796289246,0.08457116695492929,0.08376119746542453,0.08487768005278432,0.08783770691915702,0.09343914451272135,0.09169144518816395,0.10111557576398436,0.1117859049652963,0.12084287060724383,0.14578052046024506,0.16121082679590915,0.18471883993801194,0.2087245464255049,0.23501060884960728,0.25804675199977406,0.27681046123232184,0.294256120527307,0.3196058434003189,0.33890956389782134,0.3546410768791585,0.37300177619893427,0.3885488205434458,0.40539010304608764,0.4069634267389478,0.42872288559908994,0.429152590200428,0.4372737038952771,0.4500442798486435,0.4583268828068346,0.4679634527134465,0.4806204144462199,0.4713947190250508,0.4979856759176365,0.49729464707839394,0.5098210934567747,0.5285680610709169,0.5173415468604469,0.5320195198711164,0.5334159595766994,0.5333501572388089,0.5322550495361216,0.5476369092273068,0.5320926276566661,0.5326839271981543,0.5393996247654784,0.5308170242492882,0.5520818760021954,0.5352968166226049,0.5419227441148411,0.5344705366084187,0.5535518626734843,0.5557811684167778,0.5486984498391343,0.5370377000465433,0.5524794940450949,0.565281716187893,0.5426949252384473,0.5491558325457843,0.5589224707776483,0.5603383790988344,0.5581020286902639,0.575615248988784,0.5713277811009371,0.5871619724899411,0.6045835871959507,0.5840220385674931,0.5789432114366954,0.5830368964252102,0.5947133033037847,0.5771621381637365,0.579260366567009,0.5771946533547899,0.5719144962817221,0.5651528443214792,0.5550503577372475,0.5529897909577054,0.5360978467328209,0.5620732238849339,0.5520019394662737,0.5546933379318274,0.5667481469799717,0.5520376684526709,0.5662549717395855,0.5675943477511631,0.5576701779233425,0.5717029888632258,0.5838691376701967,0.5809459394173632,0.5636588380716935,0.6000101481631824,0.6066760402020518,0.597535333102659,0.6037500339185413,0.6071022648518282,0.6153325053629898,0.6149061233806997,0.5947275118659575,0.5882850854917894,0.5999945080594228,0.6149001901140685,0.6164869924472275,0.6190492211418767,0.6380691472760689,0.6197233698580923,0.642327143859131,0.6586461585319424,0.6180542015987522,0.6190895976919378,0.6355581318317324,0.6286225707466758,0.5963645966286695,0.6118085880640466,0.6574606466207936,0.6169227017800536,0.5879692446856626,0.627188626979564,0.6174503882657464,0.6122901313237658,0.614977872291511,0.6064609102918218,0.5987838173243981,0.6415629634405828,0.6430543397750994,0.6413384454513769,0.6174184644439602,0.6404050934544643,0.6314403037111646,0.6460991762235504,0.6535947712418301,0.6456055780321942,0.6773343031184653,0.6716137516438099,0.655301537248719,0.649545318277206,0.5936744772512346,0.5888767720828789,0.6231420077749829,0.6608716361038343,0.6344072645851474,0.5960958993842526,0.6971022416621104,0.6973703327037629,0.7150464019473604,0.6416349809885932,0.7138058448102116,0.7586327171259155,0.6551410373066424,0.6463878326996197,0.7527733755942948,0.7258399004562422,0.5810200129115558,0.680499776885319,0.5930232558139535,0.7586882036221243,0.5644756648268942,0.759594882729211,0.5812344312205923,0.6709451575262544,0.746268656716418,0.6984667802385008,0.8052434456928839,0.5959475566150179,0.6855006231823847,0.816130580892943
279,547,0.6553079947575361,0.5763239875389408,0.6690028671551449,0.6892024942566459,0.7472384665367121,0.655161393416427,0.4492939666238768,0.5685407454200885,0.49531459170013387,0.4412089124200309,0.38142057975928123,0.2952368455583257,0.22435897435897437,0.1997159595242322,0.2354848672019765,0.1713032753186241,0.14641744548286603,0.16860996799268405,0.1584032947885316,0.14260852750652614,0.14965378601742238,0.14766201804757997,0.13537906137184114,0.12554927809165098,0.11376017432545023,0.10985748218527315,0.11429208596994954,0.10792881962725072,0.10438932246358802,0.10270055785075742,0.10543840177580466,0.09535716556122989,0.0940743288352991,0.09919870560135605,0.10028972587474927,0.08556454775571322,0.09191334375590564,0.0919793966151582,0.09297587478170881,0.0995266606062506,0.08948070856588207,0.08005170311834434,0.09076083102885911,0.09012231868902985,0.0847974136788828,0.08616255144032922,0.09612880018853648,0.08832746500175445,0.07967193907439953,0.09073586788857636,0.08435236131479419,0.08675503825843302,0.08925647769644347,0.09457984721716989,0.08976751734491013,0.08946677800310152,0.0947116879079888,0.09295171229321782,0.09293680297397769,0.0999064512320282,0.10285016213497175,0.11379234004870489,0.11566799357497032,0.12038557780777862,0.12754671081528532,0.1336677095231001,0.13802763829386372,0.14264701128244917,0.15111054255880518,0.15506316659451375,0.14696276943174397,0.15061968148142485,0.15241378272192202,0.15838711587423768,0.15997789396374318,0.15848883406721073,0.15495904400553173,0.16217162872154114,0.16086050011736602,0.1636172307274517,0.1577192397465822,0.15748701796203288,0.15893628980675673,0.15397830305729646,0.1508760239138498,0.14664578828325006,0.14120911842533415,0.136986301369863,0.13890475703693905,0.1328994731698014,0.12977360404893645,0.12832758105439565,0.12738667832677453,0.12387033741582051,0.11918225315354503,0.12033276638087635,0.12205889991170207,0.12199801824815427,0.12136196346722664,0.11700511583227219,0.11553202636005185,0.11359468322138098,0.11283667028252777,0.11534557534372981,0.11192897252997419,0.11203567738075815,0.10868912180281935,0.10608106999710191,0.10500727609472152,0.106777039634096,0.1053981463135416,0.10335633194975123,0.10148068291824343,0.09865248422386949,0.1001865733431956,0.10282094230418415,0.10057119996443892,0.09960381675129737,0.09812767877284007,0.0937905552060842,0.09050316332823242,0.08908724247771387,0.0868764743110293,0.08494811277435944,0.08540871690050318,0.08202681869746066,0.08220304151253596,0.08481087470449172,0.0824164380627079,0.0836546591747273,0.07594002250971185,0.0758683561652217,0.07730221455384254,0.08018870868097375,0.07739840672548107,0.08058580167009315,0.07821243259741581,0.07864600983394822,0.07751093801046718,0.08234785023670971,0.08565254913666125,0.09136397574106336,0.09814158824151423,0.10911639081687133,0.11680355459808806,0.13932404053310135,0.16257992086636275,0.18817799424396722,0.2125639611590844,0.22974131268706002,0.2509866493458815,0.2775211427759221,0.30031957998059694,0.32176048953560193,0.33674169888354955,0.3550070635426045,0.3755920663114269,0.3885488205434458,0.41784622353074397,0.42261586622890734,0.43220529170955185,0.44130211558509763,0.44881231846576214,0.44843410353433705,0.4595490878276528,0.47002315100884023,0.4776923527394109,0.4929756262694652,0.49755526478892637,0.5042987970372446,0.5129488302264481,0.5240348873053001,0.5247189664235191,0.5404494066296376,0.543426446753742,0.5527623558644252,0.5361903918617121,0.5351337834458615,0.5270299004667834,0.5429377082799283,0.5446112153429227,0.540872381637859,0.5386295885752413,0.5484061264174441,0.5413680637216836,0.5367209388678226,0.5518398466033602,0.538956895051343,0.5568879789412109,0.5531488310479395,0.5555084386396404,0.5603501417827641,0.5608683118803816,0.5663967714745473,0.5563045669332565,0.542657799175813,0.5623461505814447,0.5667254381935904,0.5743953128115462,0.5996381897008827,0.5998968927215634,0.5840220385674931,0.5939499249664324,0.5957983059228892,0.6051328086177323,0.5965354127314703,0.5751982321591056,0.5673421130414792,0.5644112448727782,0.5668398677373642,0.566202837877254,0.5660115285783734,0.5547370102781672,0.552992881011187,0.5492046323406001,0.5681056120787109,0.5687194448825107,0.553052443578503,0.5652082897215825,0.5622092021368258,0.5875453660263787,0.5705595828854994,0.5838691376701967,0.5773225759698536,0.5995055624227441,0.5923990257763344,0.6131854397750351,0.6028585877405446,0.6173174504110928,0.6168048124636154,0.5856949305633963,0.6363065685099584,0.5904386115400011,0.5967496190959878,0.6192163000796331,0.6134149239543727,0.6100316312697696,0.6325068129058304,0.6311336130665465,0.635890066463086,0.6589390527520396,0.6472245488464173,0.6434002729576915,0.6150825452796923,0.6086452467704537,0.6222297988407774,0.6315743145108049,0.6140829694323144,0.6527476670751249,0.6242379907339672,0.6181215136439017,0.6585480583285422,0.6282355478861087,0.6316839363883194,0.617851600666705,0.5644289660141708,0.6173988582774882,0.6383390289509318,0.6228536798868763,0.6692227256883932,0.628314084404736,0.6292352371732818,0.6779267064383668,0.6541754159263448,0.6200770906653259,0.6456055780321942,0.6500590962814802,0.6716137516438099,0.6700827749310209,0.624562806035775,0.6409582851738993,0.6652126499454744,0.617425108621084,0.6072874493927125,0.6406269436497076,0.6222979169396043,0.6219245489338436,0.6901060584047654,0.6541913890156701,0.697084917617237,0.6970104131676185,0.6888733868154865,0.6733393994540491,0.655893536121673,0.6339144215530904,0.7051016175860639,0.7531740908112761,0.6916555109326193,0.6395348837209303,0.648556045031816,0.5895634721525339,0.6529850746268656,0.5812344312205923,0.7292882147024504,0.600259571706684,0.6984667802385008,0.6179775280898877,0.6555423122765196,0.7478188616535106,0.744119059049448
278,547,0.6716906946264745,0.6386292834890965,0.6690028671551449,0.426649163111257,0.5198180636777128,0.7510386705017578,0.4653401797175866,0.6001263423878711,0.5622489959839357,0.4081182439885286,0.3729445668757416,0.26899357039758565,0.2403846153846154,0.22190662169359135,0.1814391599752934,0.16787720981225163,0.1588785046728972,0.17146776406035666,0.13728285548339406,0.14260852750652614,0.13401831583649765,0.11894995898277276,0.118456678700361,0.10811187835669944,0.10895340639620586,0.09649643705463183,0.10732305633763554,0.10266399915762872,0.1081175125515733,0.09219709170692995,0.10543840177580466,0.10065478587018711,0.10216674421898075,0.09534632868479853,0.08821781442686279,0.09002103461798994,0.09449035339392169,0.09030704394942805,0.09540133238470991,0.08855521770477415,0.09251395292404756,0.08666147677031771,0.09146990002127207,0.09012231868902985,0.0775101359408538,0.0842335390946502,0.08558564145818087,0.09195736082374435,0.08670181605155243,0.08393067779693313,0.08214707082290415,0.08190537773466969,0.08820018801956248,0.0847061269032895,0.08063861727593621,0.08399936379180087,0.09519738887161952,0.09531089280827411,0.09894764097726977,0.10126881193064675,0.104646671517242,0.10936462253708214,0.12177875549968574,0.12038557780777862,0.12881373112139743,0.13821986062141,0.14171383634918944,0.14224291210034593,0.14711290915777858,0.15034043055610216,0.1508506733849647,0.1529133822146445,0.1561770859990065,0.16282787613239388,0.1625229968222573,0.15777169002165775,0.15850501755256907,0.16252189141856394,0.16603841321127266,0.1605621372076445,0.16072024008002667,0.16239825552841644,0.16248974344064765,0.1584322209143257,0.15056169886402926,0.14788854920090475,0.14366492918055734,0.14277016742770168,0.14100937456780177,0.14273284226084054,0.13803192430659603,0.1315504198479992,0.1294271972015741,0.1323028251741745,0.12498187617804843,0.12814282573732746,0.1258101190579246,0.11712955273120915,0.12446657183499289,0.12259008556173626,0.12325254363470925,0.11770051514504536,0.1152896413756262,0.11697398346622953,0.12033042083125556,0.11149181486920107,0.11032765127723372,0.11346300012576623,0.1121731269568285,0.10650184107833803,0.10374700041829028,0.10583028670386761,0.10505588312945525,0.1066438865771997,0.10487850653006701,0.11028375263271364,0.10084902095881582,0.10323084649294124,0.10151139183397248,0.10512476127328471,0.09621314208711144,0.09424341728349794,0.08917783786893735,0.087244007714207,0.0891724908656101,0.08668082259518892,0.08601961129704656,0.08894799054373523,0.08330903486483109,0.08395449666280876,0.08017572097638902,0.08382229673093042,0.08132192971064235,0.08268485525470055,0.08243244943933349,0.07868220005583898,0.08361735680130226,0.0799248067418173,0.08359650752368568,0.08622304318902546,0.09084361272070132,0.09234638408236512,0.09814158824151423,0.11211959423384943,0.12757506395583681,0.1417027436641543,0.16634492956011007,0.1902534868275404,0.2188466398140327,0.23782090013629914,0.2622828135921096,0.27681046123232184,0.29924955772413403,0.31888762802189125,0.33493514470498975,0.3553730502060505,0.3700414446417999,0.38892206628844433,0.4072773940286113,0.4161258303428266,0.42253194140271316,0.4385586743692045,0.4527911510762742,0.446421383141454,0.460363891174865,0.47249478896331265,0.4718362293257929,0.4815504400812458,0.4923903312444046,0.4964191283335376,0.507140176225626,0.5081687791256414,0.520569167919291,0.5306145387446961,0.5343693393078462,0.5343207671700897,0.5381580630245074,0.5341335333833458,0.5447494456313727,0.539861573955396,0.5383573066499896,0.5414016109740996,0.5386295885752413,0.5451287989687343,0.5469148676532583,0.5462851484702891,0.5421384222059898,0.5453385159830597,0.5463585843813981,0.5543422481591541,0.553085282964004,0.5615830353840463,0.5571083008510158,0.5555413654823632,0.537979240022514,0.5610184014035661,0.5616387969329145,0.5859866949165099,0.5904998542922437,0.5809238638844701,0.5944290825014451,0.5911058638331366,0.5765737303530527,0.6021790106717287,0.5931103024862542,0.5811982370320143,0.5727609515143637,0.5722683831981346,0.5585753826658219,0.5558742155341116,0.5610555393510972,0.527814431557747,0.5556245894946124,0.5366482638384426,0.5520019394662737,0.5594834358414287,0.5697050938337802,0.5479785679493424,0.558928197613565,0.5675943477511631,0.5875453660263787,0.5922842964623019,0.586232980332829,0.5869848784965457,0.5871446229913473,0.5835193829916785,0.5780346820809249,0.597535333102659,0.620030933709603,0.6140326560031047,0.5927514959918709,0.6334531758260572,0.6075942128438269,0.6108571751029851,0.6109783892138286,0.6015327946768061,0.6293977148021432,0.6409178077583016,0.6259319624094046,0.6305011675947547,0.6534017497877368,0.6262849310896215,0.6511990641450576,0.6251001763103061,0.6148559125538258,0.6222297988407774,0.6403767439813388,0.6072598253275109,0.6433217079837873,0.6071689831748354,0.6331976481230213,0.6585480583285422,0.5770060396893875,0.6012079570011636,0.612104143916317,0.6184700372282935,0.6080913378009432,0.6318911599716294,0.6194869032388391,0.651795050540258,0.6246822110844774,0.670191376870951,0.6701789726504997,0.6137942174123728,0.645215351097704,0.6542136524059567,0.7000636421492863,0.6669171519819651,0.6651556957035869,0.6095732986909164,0.6251970158663445,0.6270447110141767,0.6288589069288818,0.6489640390569182,0.6592859808433885,0.6157474125507664,0.683433570256971,0.7118988813017579,0.6465845123992089,0.7129277566539924,0.6382264024185421,0.7063132193930938,0.6915377616014559,0.6463878326996197,0.6834389857369255,0.6947324761509747,0.7424144609425436,0.747434181169121,0.6976744186046512,0.7097405775819873,0.6271951831409935,0.7062899786780383,0.6227511763077774,0.6855309218203034,0.7787151200519143,0.766609880749574,0.7490636704119851,0.7747318235995232,0.7062733693394266,0.816130580892943
277,547,0.6225425950196593,0.5295950155763239,0.6052883083784645,0.6563833278634723,0.5685510071474984,0.655161393416427,0.6418485237483954,0.6632975363234365,0.642570281124498,0.485329803662034,0.3729445668757416,0.2952368455583257,0.22435897435897437,0.2130303568258477,0.19302038295243976,0.16787720981225163,0.18691588785046728,0.16575217192501143,0.1689635144411004,0.1571110896258339,0.1362519544337726,0.12100082034454471,0.12409747292418771,0.12554927809165098,0.1217714542075242,0.11728028503562946,0.11707969782287514,0.12109087080130568,0.12054481284485759,0.10270055785075742,0.11764705882352941,0.11654764679705876,0.1092476076797022,0.11557130749672549,0.10678998588514968,0.10784698206709686,0.10909340800934594,0.10201351260953909,0.10914559213504947,0.11049810350772703,0.1084384858044164,0.09620892760094595,0.10423314188470538,0.10319349468209525,0.10400932771550468,0.09709362139917695,0.10357102988055221,0.10587196147470568,0.09373169302870533,0.09697395880591599,0.11026452459450221,0.09645435930595969,0.10034751930369384,0.10497323702125448,0.103968028563314,0.10288679470356674,0.1155968293441094,0.10710679538355557,0.11790489929534483,0.12806190567014522,0.12261176533994449,0.1301748948417091,0.13792862630071934,0.14575253884584627,0.15162009663141532,0.16263594378507226,0.16833637785987532,0.16648886302654126,0.16750083950301423,0.1743476720846944,0.17262293552300084,0.17432125572469473,0.17273562041817828,0.18577180413286756,0.1810658890771457,0.17964458341102393,0.1893549874117939,0.18984238178633975,0.19330875550584758,0.1836450660239655,0.1800600200066689,0.1830254533072274,0.1809030940889914,0.1829287691279865,0.17759365314859402,0.1715010066363433,0.17190675286562418,0.1665144596651446,0.1626568691709611,0.15912179074590574,0.15277892476670246,0.15205939398911267,0.14866637516397027,0.1494585761308257,0.142960707554009,0.14868038923021742,0.1445662147890372,0.14404930323667042,0.13688500530605793,0.14213747961486048,0.13869357818402406,0.13631361986565718,0.13736638121351205,0.13108685386122707,0.13767534635648157,0.13025507151792026,0.12862456374152742,0.1252194073677131,0.12678043832958505,0.12108736453351093,0.11805693151046825,0.11929959592072349,0.11963169937516502,0.11683981371765549,0.11647034146233759,0.117470162578705,0.11474007067766097,0.11801796774733553,0.11476426799007444,0.11249199521696504,0.11020259004636503,0.1011183170245434,0.10183533743743169,0.1015933510882542,0.09988477061245288,0.09918845807033363,0.09805648523281076,0.09663120567375887,0.09580539009455576,0.09534832120990423,0.08804201812878944,0.09085847492367276,0.0890521511660266,0.08642907511529077,0.08998351351011213,0.09073834361278205,0.09156577474819412,0.08887638509690084,0.0903226633014535,0.09268169810955171,0.09408802746072636,0.10151552860118152,0.10904620915723803,0.12146289375333688,0.13901979264844486,0.1501981119893434,0.17627086157089855,0.19682588000885543,0.21570530048655856,0.24379276912051936,0.2668718803171398,0.2892473882453273,0.30852308394681277,0.32355602798167116,0.33854825306210934,0.3637907434653081,0.38521314387211364,0.3963869811884145,0.4061450194390971,0.41879819806062457,0.43955703794274925,0.43581523315331133,0.4424461862889428,0.461718058127365,0.4587342844804407,0.46672763373621035,0.49065948315527935,0.4845125253893027,0.4962640314027959,0.5086763907615262,0.507140176225626,0.5244882046818619,0.5390127168269718,0.5259312683232955,0.526742301458671,0.538203206895213,0.5199571047686511,0.5326331582895724,0.5508247182592318,0.5413996411176621,0.5430477381696894,0.5472231336727458,0.5461628695343356,0.5462212414516375,0.5485789088327306,0.5434721456460342,0.554122534696859,0.5569414631316354,0.5463585843813981,0.5537455396035469,0.547027393774913,0.5603501417827641,0.5608683118803816,0.556179918776021,0.549759807322277,0.5610184014035661,0.5665902724726254,0.5785785192538486,0.5851316737986779,0.5715667009762639,0.5998968927215634,0.5966155057064148,0.5915804438827897,0.6157380082630126,0.5842937979898369,0.5957281929578148,0.5800727934485895,0.5796577884331177,0.565244939473772,0.546595586746744,0.5567661239126331,0.5581984860059725,0.5485239557630518,0.5420964695626908,0.5557316823005054,0.5681056120787109,0.555906008516007,0.5672592953401526,0.544274649361524,0.5891349302085128,0.5676285739576878,0.5865672665736696,0.5885968229954613,0.6014783322865839,0.5945611866501854,0.5797138217982545,0.6001666406290683,0.6148359106757872,0.6173174504110928,0.6209630471543813,0.6082759399345151,0.6177595160646009,0.6233201807056671,0.6136786863043846,0.6096054040695279,0.594106463878327,0.6310115550965076,0.6173670221713824,0.6346013801713077,0.637686366085863,0.6386356085495958,0.6396101423894007,0.6297523883798012,0.6230966501041834,0.6479794633984763,0.6200988748721445,0.6293737071431715,0.61863173216885,0.6456781977566217,0.6169227017800536,0.6281722699633147,0.6454816285998013,0.6174503882657464,0.5984374134205132,0.606356687165929,0.6064609102918218,0.6391164060560933,0.6609065703784899,0.6531546697192109,0.6901359358661555,0.6791603108883563,0.6255119517462209,0.6663051057565662,0.6622516556291391,0.6116976705211999,0.6800378755272446,0.5864169469951814,0.6481307533345858,0.640520299566417,0.6295593084840612,0.630450772302196,0.5834242093784079,0.6231420077749829,0.6727792331507502,0.6655056599079487,0.661600943272632,0.6629305631492619,0.6755775098067703,0.6922257720979765,0.697084917617237,0.663419549882432,0.7063132193930938,0.6278434940855323,0.5893536121673003,0.7032488114104596,0.6843633347158855,0.7101355713363461,0.71396697902722,0.686046511627907,0.7709251101321586,0.6522829904666332,0.7462686567164178,0.7057846664821478,0.7001166861143524,0.7787151200519143,0.6303236797274275,0.6741573033707865,0.7747318235995232,0.6855006231823847,0.744119059049448
243,548,0.6225425950196593,0.48286604361370716,0.684931506849315,0.7220216606498195,0.5685510071474984,0.7350591243208693,0.4813863928112965,0.6317119393556538,0.5087014725568942,0.39708802117802783,0.2797084251568062,0.31491930192888073,0.22435897435897437,0.2174684892597195,0.20460160592958615,0.18158147183774154,0.1588785046728972,0.17432556012802924,0.1716035693542426,0.1546939959392826,0.14965378601742238,0.14971287940935193,0.14101985559566785,0.11159935830368975,0.11856694225469461,0.12470308788598575,0.11707969782287514,0.11450984521427819,0.11930208281552916,0.12254043834465374,0.11542730299667037,0.1176071708588502,0.11228226344858282,0.11268202480930735,0.11514746304137878,0.11675995579165033,0.11252942086003401,0.10284968894240416,0.10833710626738244,0.10501238205698882,0.10085537490900266,0.11163173278888384,0.10423314188470538,0.0997537115260254,0.10003444894930705,0.09837962962962962,0.09798935761154041,0.10284704828971408,0.10134739308728764,0.09867525632882679,0.09593013639721693,0.09645435930595969,0.09823493994993186,0.0966585251779868,0.103968028563314,0.09990456877013003,0.11025411874417158,0.11088148420764563,0.1248404816068357,0.12897014613589095,0.13069605756016062,0.13814478636263006,0.14447587122005726,0.14575253884584627,0.155843497651789,0.157256128850706,0.1675172227364696,0.17578314421491611,0.1754961063050674,0.18103821480577748,0.18156511461540856,0.18540747593525647,0.18929415483735004,0.18577180413286756,0.1872468531621085,0.1814374435249064,0.1904187794759051,0.19264448336252188,0.18985681344324318,0.19213143691231882,0.18472824274758254,0.1925205126022356,0.18639479515955007,0.18801896096459134,0.1816798787962608,0.18020033305992594,0.1749765163096532,0.17229832572298326,0.1662647849381543,0.16716727454766503,0.16074230501515993,0.16289985174941551,0.15566243987756886,0.1567279621294067,0.15687980281281716,0.1556226642137295,0.15726264882240573,0.15063605070077266,0.14704554178238388,0.1502356857225834,0.14586262993906307,0.14780994925191743,0.14472529449280735,0.14655673102497435,0.13984346204713483,0.14466742807418284,0.13872882883374932,0.13970986280546155,0.13449750848877717,0.1362232851001998,0.13842106421856767,0.13386844058385333,0.1298072692070756,0.13833393039212985,0.13385809386074343,0.13350138476591653,0.1366879292334363,0.1252720272306233,0.12350552673133318,0.1181590982505653,0.11334307836374849,0.11343584572724981,0.10730107588746332,0.10991597024520158,0.1079913606911447,0.1111143430582623,0.10040514356174036,0.10313238770685579,0.09907824503567411,0.10044555850728905,0.09742106473357458,0.09881241548938148,0.09554553718854938,0.0951655881233346,0.09375904554550145,0.09803548313408969,0.09442720520907517,0.10038555726772252,0.10057204353424254,0.10463020971252528,0.102847947258794,0.11264948980260142,0.12556836205984986,0.14281900694073676,0.16325568870337956,0.18553884422213007,0.2142632220259854,0.2334929156519814,0.25584463633761717,0.2852445655992244,0.3102915116385792,0.32869021391514464,0.3356303144438738,0.35982590459226915,0.3800989991689851,0.3959975698485547,0.40593546477205444,0.4131830397133473,0.41897859812025817,0.43368710391692755,0.45387359639687047,0.44992435940647607,0.45836151673099107,0.4613155140487884,0.4693267279941986,0.4654918147589741,0.48522165427120545,0.4929756262694652,0.49755526478892637,0.5130539844858079,0.5268002359207163,0.5285680610709169,0.5265633213142873,0.5310828657868362,0.5291257507865382,0.5386885118608534,0.5440610765128931,0.5566391597899475,0.5305738094997013,0.5342219943604204,0.5393996247654784,0.5313462535855288,0.5520818760021954,0.5571456662806703,0.5519069911916754,0.5412217433866303,0.554122534696859,0.5441782212682021,0.5405089207370576,0.5501652882699033,0.5506621272883676,0.5683639501910985,0.5558549638412272,0.5619268984189421,0.5608858986609422,0.5705387136698084,0.5581020286902639,0.5689478908923888,0.5644258347520668,0.5832631546115218,0.574901188858165,0.5974025974025974,0.6002685411894796,0.598988658297309,0.5995223057563759,0.5852343359002923,0.5881970622643962,0.5763736083286807,0.5835862206956348,0.5651528443214792,0.5438978775972411,0.5469129800680602,0.5431984804643815,0.555716983873311,0.5454748895063685,0.5489452204403058,0.5519634127109289,0.5500081182010066,0.5704416998115972,0.5686713768740307,0.5797999468885545,0.5694161769077728,0.5933245083207261,0.5966471810232378,0.5920889987639061,0.6012786685609904,0.5949591209706817,0.6135050970163158,0.6091770005155619,0.6154187342333601,0.6393248278198036,0.630599783142156,0.6118831131697833,0.6306077535127814,0.6137243595024302,0.6238117870722434,0.6310115550965076,0.6526932005517613,0.646738565037972,0.635890066463086,0.6460186791686663,0.666260564988959,0.6375511795671671,0.6271037025164289,0.6334879099039417,0.6414081145584726,0.6425773513489723,0.6209061135371179,0.6079743613912716,0.614484272128749,0.6382230262827278,0.6167354831965713,0.6471095772217429,0.6621599157754752,0.6695787114201965,0.6454905728353549,0.6173988582774882,0.6609065703784899,0.616120126590802,0.6587661205995121,0.6464734510060289,0.6366818080274034,0.6508096381808322,0.6339848166693588,0.6535947712418301,0.6197813549109065,0.6727884353123011,0.6763103513056548,0.6651556957035869,0.6795243329669232,0.6567195544814542,0.6543075245365322,0.6402927052366797,0.6787330316742081,0.6779450180370693,0.6943534652168217,0.6765992345544013,0.6319918640127852,0.6085501293169024,0.6495564005069708,0.663419549882432,0.5929543076386466,0.7097361237488625,0.6844106463878327,0.7329635499207607,0.6325176275404397,0.7424144609425436,0.6470325747434181,0.627906976744186,0.6730298580518845,0.7150025087807326,0.6929637526652451,0.6642679213949626,0.5542590431738623,0.7300454250486696,0.7495741056218057,0.6554307116104869,0.6555423122765196,0.6439551308683008,0.7921267402784447
242,548,0.7536041939711665,0.5919003115264797,0.684931506849315,0.5907449950771251,0.6172839506172839,0.6072227548737616,0.49743260590500643,0.5527479469361971,0.44176706827309237,0.4081182439885286,0.26275639938972706,0.30835848313869574,0.2938034188034188,0.2485354162968223,0.19302038295243976,0.1713032753186241,0.17445482866043613,0.17718335619570186,0.13992291039653626,0.14502562119307744,0.13848559303104757,0.13535684987694832,0.12221720818291215,0.12729301806514612,0.1393962699480869,0.12173396674584322,0.10453544448470994,0.10792881962725072,0.11308843266888702,0.1003664542632402,0.1076581576026637,0.10171430993197855,0.10823605575674199,0.10497727097619232,0.09843250872892058,0.0989340083425434,0.10995241122201796,0.10117733627667402,0.1002522475907121,0.10657973104291402,0.09858044164037855,0.10061544336892819,0.10281500389987946,0.10319349468209525,0.10400932771550468,0.09580761316872427,0.08930675630418873,0.09740220455672922,0.10310486233157587,0.1015107522003448,0.08876294229857429,0.0980709128138808,0.09665050543461039,0.10237488957023333,0.10498235079319998,0.11083939719273132,0.111225520671433,0.11843086185582576,0.12761471453143206,0.12806190567014522,0.13024693021459305,0.14655744963471332,0.15189608212864028,0.1517718177362352,0.16133391897827482,0.1696710863915512,0.1748896188471211,0.17376264830439983,0.1870892431680445,0.18458026683458617,0.19245124568442662,0.19496456232367174,0.19907874335776973,0.2009444016815679,0.19524574786029567,0.1954217524131897,0.20637566043757313,0.20140105078809106,0.20711652375626527,0.19722325944533078,0.20006668889629878,0.19743175016861916,0.19770123854011204,0.1962905226990742,0.1986534314865689,0.18889965948350856,0.1814230195421141,0.18599695585996956,0.17859183047606447,0.1826622803880903,0.1698854453004259,0.17198239744048002,0.17519312053636496,0.16428812356793096,0.1681890677105988,0.166325338146644,0.15870542541710672,0.16209126368182,0.15861726388042177,0.15805464334383307,0.1555132765323848,0.15684277948397904,0.1567175976146219,0.15252756080747332,0.1506840405004011,0.1520095719802034,0.1515639763833285,0.15037265076908776,0.148277990915906,0.14337844754990728,0.1433745019043216,0.13771681464581215,0.14273299304761067,0.14081402077764613,0.1413099877457745,0.1417933962420604,0.14196652812659746,0.13726912560683,0.13224678547259192,0.13062672492448585,0.12533403375739444,0.11945138300066457,0.11506817789540304,0.11422077325741574,0.1132027400274466,0.10849646586579016,0.10803828313076155,0.11317966903073286,0.10264863224416688,0.10704198324508117,0.10195931309072867,0.09636504916147111,0.10172971435285678,0.0970376980536297,0.10036622660743276,0.09613188151983552,0.09315545833757248,0.10390224876436249,0.10217350919561584,0.10656780618868315,0.10674124494682405,0.11952634819171372,0.13349899545310354,0.15216230646022422,0.17099771105426148,0.1977721746104024,0.22008187182541314,0.246983617445207,0.2687590313505665,0.292972866637627,0.31099752190396845,0.34183782247175043,0.3613108485989842,0.36952181220104285,0.3923835675831919,0.4022193431271364,0.41555654233274125,0.4288593610032846,0.43936134073151395,0.45735664656028097,0.4558082664582382,0.46403348565964087,0.4643297656467592,0.4766121890346993,0.48480799159122945,0.4897962546446197,0.4952607229802649,0.4988997968855789,0.5035810205908684,0.5235602094240838,0.5312684313059641,0.5213149830459302,0.5348629183227436,0.5310828657868362,0.5391362379635809,0.5498505260705828,0.5489802544198814,0.5571392848212053,0.5472808092263141,0.5403742630094848,0.5482593287471337,0.5541031150438731,0.5515437845051172,0.5494985689003474,0.5618912382685097,0.5519111541187988,0.5643946311176041,0.5517201369147764,0.5639075753144194,0.565083002160085,0.5742878951258223,0.5665146097891752,0.559614974870593,0.5625654517126,0.5576135188554524,0.578018959021856,0.5602240896358543,0.5793193368201147,0.5897329713645915,0.5988584261251988,0.5944290825014451,0.6084218811491539,0.6057973303846458,0.5902151892676546,0.5995223057563759,0.5828126765793256,0.5995710386065254,0.5788367434070084,0.568579717877747,0.5668398677373642,0.5782132011049533,0.5651434127369956,0.5502991141959419,0.5620732238849339,0.5631911679689685,0.5422390833668641,0.555906008516007,0.5936434486117876,0.5652082897215825,0.574056522488368,0.5510312472337788,0.5934277024400283,0.5921425869894099,0.5845693028648726,0.6044499381953028,0.5682971382179826,0.6131854397750351,0.6161667243352587,0.6173174504110928,0.6251212818451473,0.6195664446200746,0.6191862124065515,0.6190312803797107,0.6122679307036849,0.6274542109454375,0.610444391634981,0.6310115550965076,0.6476466036402785,0.6692790512189202,0.6484641638225256,0.6644763557163424,0.6529353536891799,0.6414505751608501,0.6571565956082706,0.650049685326267,0.6520627344016365,0.6381761366137053,0.6550218340611353,0.6621736261664625,0.60960741282614,0.6633499170812603,0.6219620550880677,0.5850949094046592,0.5984374134205132,0.617851600666705,0.6304791641647652,0.6453214197071234,0.6609065703784899,0.6430543397750994,0.6239107703032416,0.6464734510060289,0.6292352371732818,0.6469357712868986,0.6460991762235504,0.6033182503770739,0.628389429284669,0.6818801709246295,0.6622205523201202,0.6848640126133227,0.6395523133806336,0.6777345802248608,0.6434023991275899,0.7031785959295679,0.6906406287211241,0.7152630924244309,0.6288484213284423,0.6355932203389831,0.6901060584047654,0.707439525330899,0.6416349809885932,0.5962378233120591,0.6365538890826647,0.6824385805277524,0.6749049429657794,0.6735340729001585,0.6428867689755289,0.7316548310738111,0.7251227130745203,0.7209302325581395,0.6730298580518845,0.7275464124435524,0.6130063965884861,0.6781068364240244,0.6271878646441074,0.7300454250486696,0.6132879045996592,0.7865168539325843,0.6555423122765196,0.5816368923971749,0.7201152184349496
241,548,0.7208387942332897,0.514018691588785,0.5893596686842943,0.7056120774532327,0.6172839506172839,0.6072227548737616,0.561617458279846,0.5685407454200885,0.4149933065595716,0.39708802117802783,0.32208848957450414,0.2821152079779557,0.24572649572649574,0.22190662169359135,0.1544163063619518,0.19528573386323148,0.1806853582554517,0.1886145404663923,0.15576323987538943,0.14502562119307744,0.16752289479562207,0.12305168170631665,0.12785800240673886,0.11683057822417521,0.1201691982311094,0.11579572446555819,0.11707969782287514,0.09213435821838475,0.11681662275687231,0.10620171323203323,0.1076581576026637,0.11125002648810153,0.10014364037306034,0.1097927421218892,0.10586137731223534,0.10428179257727548,0.09964437266995378,0.1053582179409994,0.1002522475907121,0.1003103350992132,0.1114717301625819,0.09914660477960077,0.10565127986953131,0.09700188500116953,0.10268436812677213,0.09516460905349794,0.09302787115019659,0.10103210037871913,0.09724663151728179,0.09243716541148717,0.09372484590532688,0.0921435499515034,0.09876308478837235,0.10237488957023333,0.102953706333428,0.10636605829257624,0.11219692259869443,0.11701535354679198,0.119292015757643,0.12851602590301808,0.1271030387956201,0.13725924286030552,0.14316642223618967,0.1509119207518939,0.15837753826401324,0.16553276721126947,0.1675172227364696,0.17659134257912262,0.1862897164878392,0.17907040812310598,0.1835090665920189,0.18464290902418323,0.1881651638542247,0.18651193084256026,0.19379140336971618,0.19434603634486022,0.19396475302294244,0.19264448336252188,0.19641550336219157,0.19077361757018227,0.19073024341447148,0.18957377006240547,0.19220953746955335,0.18992778290331816,0.18419447919482496,0.1814430939775806,0.17436256362084737,0.1780821917808219,0.16867006211628313,0.16895515983694487,0.16841074525441524,0.1605559689904311,0.16411601807316717,0.16341579724810124,0.15397999130056547,0.15822601733254654,0.15149154244360186,0.15120881134982503,0.1512790986475197,0.14716395237137814,0.14255383682135275,0.148357393508406,0.14527039918016255,0.14031449988872544,0.14038549096979813,0.13732528416816228,0.14364441725699242,0.13424176641385835,0.1353243374344049,0.1309945125407982,0.13044052572485304,0.13304378899914784,0.1303573000088005,0.13034252803879964,0.1283381724644241,0.13460698629606904,0.1269641944302447,0.12443502036716701,0.12096774193548387,0.11872580855392532,0.116198067743188,0.11257648325961912,0.10845175766641736,0.09728854807604004,0.10220093920636483,0.10122458477558975,0.09981797897950796,0.09722222222222222,0.09818564823355093,0.09834669609071883,0.0937904660478513,0.09422360362454953,0.09307186632282642,0.0945415514799029,0.09155665185819101,0.09200741135561816,0.086796723980059,0.09399157272837715,0.09352559462420007,0.10010915126815689,0.10025241546677395,0.11756153150911021,0.12655969123400657,0.13781366791243993,0.1642655177056685,0.18859717681919816,0.20912911926178449,0.23695206995793666,0.26108020188340747,0.2908651481726081,0.3102915116385792,0.32869021391514464,0.34347714432460197,0.3576712584569861,0.38154424251183294,0.3959975698485547,0.40630550621669625,0.41990146312332044,0.437851507945495,0.43979537298618004,0.44729571818822017,0.45462740149086434,0.46273823260255437,0.4560824410272925,0.4746229497510776,0.48032164248580866,0.48313018162348476,0.4933987813134733,0.4928207423731148,0.5078008720166699,0.5218852209969438,0.5235815699287385,0.5261022325915953,0.5315511928289762,0.5377061683668605,0.5401444267577746,0.5460287476756884,0.5456364091022756,0.5295612640617248,0.539861573955396,0.5357515113612674,0.5419308403103401,0.5359391310898505,0.5385741440713147,0.5380399813627388,0.5378461399975245,0.5467037983929875,0.5441782212682021,0.5533781807546067,0.5513587053811178,0.5579315943152768,0.5504869929725065,0.5583616378608044,0.5632040050062579,0.5687396101941176,0.5623784460130292,0.5630535042299748,0.5785785192538486,0.5674933664626758,0.5840429181872057,0.5881801565355954,0.59818968909878,0.5884211357712661,0.5973934821100991,0.592308802077489,0.5916920940895368,0.5743858052775249,0.5788367434070084,0.5769166638876847,0.5617787974897092,0.5559082408249404,0.5547260226404611,0.5414233220314912,0.5666133953218073,0.5314883538780001,0.5527772987679869,0.5470351679545813,0.5591410943334957,0.574628427883609,0.5665173186282957,0.5654155970611667,0.5888540785291225,0.5980521936459909,0.5881926663123822,0.6019777503090235,0.5911305053785264,0.6144873196896318,0.6214899789731442,0.5861123924782243,0.6071022648518282,0.6139211922772948,0.6163328197226503,0.6318979813575799,0.5995711302973873,0.6260812258011368,0.6134149239543727,0.6374669162739656,0.6341890118763247,0.6363352637236883,0.6520567630680797,0.6404813762043634,0.6053453133328256,0.6239032949892767,0.6431319121654111,0.5941536932759192,0.6328844186839414,0.6293737071431715,0.6368267831149927,0.6433217079837873,0.5900999756157035,0.6256595808834614,0.6716144880572832,0.6282355478861087,0.6067490441624647,0.6264727857922869,0.6574996997718267,0.6173988582774882,0.625443290992327,0.6430543397750994,0.6134541652143605,0.6428415776857703,0.6329585226003426,0.6469357712868986,0.6784041350347279,0.6535947712418301,0.6413015408453129,0.6273297572506592,0.6575239526582755,0.645447378793851,0.6195663035874888,0.6357045287380477,0.5997818974918211,0.6288589069288818,0.6787330316742081,0.6592859808433885,0.6747019520503079,0.6424275560415528,0.61746331541479,0.6617982656321314,0.7287705956907478,0.6382264024185421,0.653993721660272,0.6642402183803457,0.7034220532319392,0.6735340729001585,0.6739941932807963,0.6778566817301485,0.5912539045069165,0.6744186046511628,0.648556045031816,0.7024586051179127,0.7062899786780383,0.6504290063659008,0.7001166861143524,0.6813757300454251,0.6814310051107325,0.7303370786516854,0.7151370679380215,0.7893643539675945,0.6961113778204513
240,548,0.6553079947575361,0.6074766355140186,0.6690028671551449,0.5415162454873647,0.649772579597141,0.7350591243208693,0.5776636713735558,0.5685407454200885,0.4149933065595716,0.4412089124200309,0.35599254110866246,0.2821152079779557,0.26175213675213677,0.23522101899520684,0.18529956763434216,0.18158147183774154,0.1557632398753894,0.16289437585733882,0.14784307513596284,0.14260852750652614,0.14965378601742238,0.1251025430680886,0.12221720818291215,0.12380553811815581,0.11696468627827981,0.11579572446555819,0.11986730967580074,0.10924502474465621,0.11308843266888702,0.09803235067572298,0.10876803551609324,0.10489288211735288,0.09609743268121952,0.1011248940596348,0.10400416016640665,0.09358622410781132,0.09277234696857765,0.09365174928088835,0.09297587478170881,0.09560828814143757,0.09099733074496481,0.09180241183296368,0.092888038006098,0.09425005847631365,0.09340965100564433,0.09130658436213991,0.09240768534252862,0.08953743027575109,0.09080257762155829,0.09016876871427276,0.09151955541343684,0.09052699644358228,0.0945379260808484,0.09094216078574027,0.09636061183916907,0.10089864408127559,0.10102580043518805,0.10144476214742047,0.11235643344615212,0.11580065938257814,0.12351002003107961,0.13061766659287138,0.13443676234373908,0.14145305392413987,0.14612967530492954,0.15270397775239608,0.1535915856385724,0.15840687938447615,0.16830036618321953,0.1684442520366799,0.17534446829025535,0.17661495645791442,0.1791332359892219,0.1794807271004796,0.18179306132243545,0.18036172745657691,0.18119924825360803,0.18248686514886164,0.18744045399942008,0.19077361757018227,0.1867289096365455,0.18269803746946847,0.18477958896232693,0.17847485127095727,0.17790797819841453,0.17740412099520295,0.16668815501077489,0.16560121765601218,0.1638595077600255,0.16061169515363893,0.15808784493234077,0.1576261155417006,0.15333041830636934,0.15411098316991753,0.1545599536030158,0.14868038923021742,0.14802887861631953,0.14662672615740607,0.14394093341461764,0.14772244934432455,0.14172663854192516,0.14425156158474162,0.13818403824454487,0.13814328905872583,0.13604925958849165,0.13841300919127644,0.1384557405880136,0.13424176641385835,0.13504872778586233,0.13429689520989394,0.13071571670739493,0.12947029879875752,0.133107454017425,0.12731130645650196,0.1275101842549762,0.1276969767326158,0.12918676238525992,0.12638803638189833,0.11673810060906835,0.11900916370560534,0.11105908686019689,0.10885257923321952,0.10356136010586273,0.10302828542565892,0.09959524953821389,0.10296983623723785,0.09776290294169457,0.09397163120567376,0.09521032555980696,0.09354929628141548,0.09348791615737435,0.08963479175971757,0.09152582203174957,0.08736513008043832,0.08432021545702816,0.08946927586994594,0.08902228100518872,0.09590976809018076,0.09064295643372815,0.09461929458570958,0.10122573988878147,0.11133961201419908,0.1242465898276409,0.1374799786438868,0.15517705668506798,0.1882573620861906,0.2149477690612122,0.2397193934027009,0.2586369379620387,0.2912164345834446,0.3071144654443275,0.3279795323715443,0.3413370998116761,0.3609032276599107,0.37576326914044156,0.38648191659895914,0.41148608644168144,0.42624664078829505,0.4314347186049145,0.4401771398030083,0.4383962359059286,0.4534516409697673,0.46035093303624713,0.4625231462845182,0.4697341296678047,0.478261944190415,0.48522165427120545,0.48747461069735953,0.5014289649473177,0.5012344814302474,0.5299279726903898,0.5285680610709169,0.5348629183227436,0.522652979028315,0.538182858232434,0.540629731723415,0.5509479255826767,0.5531382845711428,0.5366490821275605,0.5352473724685978,0.5446112153429227,0.5451062163277834,0.5483152355226483,0.5587843300050253,0.5491335892258881,0.5457225479054381,0.5598292549306063,0.5511399895573476,0.5469435507458321,0.558519208048405,0.5549026497207313,0.5511034397731476,0.5589883063656986,0.5542642588950474,0.5556500909721586,0.5664585798414188,0.582152052740288,0.5726519787237195,0.5782297274498075,0.5739059917033156,0.5975535454843699,0.5934671389216843,0.5955295790221942,0.58622724879963,0.6011253065739063,0.5957281929578148,0.5825100740933316,0.5788367434070084,0.5752492746856971,0.5727444496929618,0.5610555393510972,0.5616709493714841,0.5591749063603926,0.5366482638384426,0.5361505324207896,0.5566093770956678,0.5637912001261631,0.5875547978567949,0.5662549717395855,0.5579010856453558,0.5764804815437727,0.5877106725513961,0.5767776096822995,0.5700758490748346,0.5995055624227441,0.6076212705500305,0.6131854397750351,0.604189401400016,0.610533742164817,0.6278934383056579,0.6082759399345151,0.6134794270387491,0.6204609138216961,0.6263754867106822,0.6123513743581294,0.5955917300380228,0.6326253953908721,0.635871210846819,0.6450046814855914,0.6394826657086401,0.6534017497877368,0.6548389553034341,0.660947553129265,0.6411283859592883,0.6293474660483603,0.626491646778043,0.6227718850402711,0.6209061135371179,0.629182769346781,0.631553279687881,0.6482737826021407,0.6088956253593267,0.6417169974115617,0.6289133928076689,0.6494626127938387,0.684520235378888,0.6298088855795483,0.6673544393577923,0.6464211164231365,0.6239107703032416,0.6537371976465461,0.647851664308586,0.6701789726504997,0.5895654983039897,0.615887380593263,0.6413015408453129,0.6818801709246295,0.6716137516438099,0.6700827749310209,0.6545418207254922,0.6514657980456026,0.6543075245365322,0.6345758060827807,0.6549178375803762,0.5908695111332255,0.6681514476614699,0.6014215418261345,0.6465204126107802,0.677012018865054,0.697084917617237,0.6718172657037286,0.653993721660272,0.7370336669699726,0.7224334600760456,0.6141045958795563,0.6117793446702613,0.7854529804174737,0.6581883087907184,0.7558139534883721,0.6240822320117474,0.6522829904666332,0.7462686567164178,0.6504290063659008,0.6417736289381564,0.7138221933809215,0.5621805792163543,0.7865168539325843,0.6952721493841875,0.6855006231823847,0.7921267402784447
277,548,0.7044560943643513,0.5295950155763239,0.6052883083784645,0.5415162454873647,0.5847953216374269,0.5752636625119847,0.6418485237483954,0.7106759317751106,0.3614457831325301,0.37502757555702626,0.2797084251568062,0.26899357039758565,0.2403846153846154,0.2662879460323096,0.1582767140210006,0.14389475126764423,0.14330218068535824,0.1571787837219936,0.1716035693542426,0.14744271487962873,0.15188742461469734,0.12305168170631665,0.1259777376654633,0.11159935830368975,0.11215791834903543,0.10540380047505937,0.10174783263178434,0.10661261450984522,0.09444748222896059,0.10503466143827463,0.09877913429522753,0.10383335805556143,0.09812053652713994,0.09727251714307729,0.0863605972810341,0.0909123319904453,0.09878536945728177,0.09783263094521372,0.09701830412004397,0.09482461364847497,0.09099733074496481,0.09841218548493706,0.09572431397574985,0.08805844879538795,0.08810981265071416,0.09066358024691358,0.08682601307351683,0.09256234346074267,0.08318687756297598,0.09073586788857636,0.08380103869182168,0.08837159176635413,0.09084091221176495,0.09250116925635296,0.09128900068973912,0.09940753111455723,0.09956869754429593,0.10144476214742047,0.10911982836745639,0.11262181775246814,0.11228183639189056,0.11777728580916537,0.12963544940289126,0.12726475368250884,0.13894989357029428,0.14359967555577627,0.15072454270665236,0.14951669737820453,0.1579065193405504,0.15427604392144514,0.16057043326801654,0.16132361823644994,0.16709066550255153,0.16800876310024276,0.1708854776430893,0.16315027036330518,0.16843374348427362,0.16357267950963222,0.1712163263051793,0.17651651447774874,0.16705568522840947,0.1673094930948,0.17056577442676332,0.15875035790411351,0.15779117500990122,0.1562771853950737,0.15410212489025596,0.15007610350076103,0.14521860962952718,0.14273284226084054,0.1406863843894152,0.1379960974352063,0.13788077539717242,0.13462902869372043,0.1348412353197042,0.13566362363613224,0.126387229695805,0.1323077099310969,0.12785341732710154,0.12231083707526305,0.1251826729533736,0.12372240196641976,0.12646428746640792,0.12023079971122896,0.11924636298592893,0.11883395877522163,0.11988573987798416,0.11811088205862894,0.11272434625391366,0.10980422374743377,0.11447944873742377,0.11215261551994282,0.10725600633635483,0.11325746093857643,0.11647034146233759,0.11138935416286616,0.10973929277887672,0.10602086937112885,0.10884277013309271,0.10512476127328471,0.10163762190804651,0.09997250040103582,0.0911915309821069,0.09527964000367344,0.09322578590495602,0.09191657698013322,0.08924901649932476,0.08924349881796691,0.08866461567757024,0.0896514089363565,0.08652926867640474,0.08443413831290801,0.08472322715101142,0.08050072700268959,0.08054468342163883,0.08439300489860148,0.08139179977617254,0.08344149823845726,0.08295592125913637,0.08557717769697283,0.08695031503267127,0.0972584257888739,0.10210690493814106,0.11478910838227442,0.12791167362326644,0.1491786677903207,0.1653181090072699,0.19440447199468674,0.2171014512987693,0.23395674961709784,0.25910576739785796,0.27254637197071996,0.29568281686925757,0.317092089575822,0.33565776637641365,0.3619608101480782,0.3755920663114269,0.37735144819349065,0.39142414977541234,0.40467282583797815,0.43065755566045766,0.4228818674212437,0.4436398360720964,0.44521375090572424,0.44284561920980375,0.45107392669121826,0.4684898730894398,0.4713947190250508,0.47603470835341916,0.5007967220578192,0.511161552072349,0.5054488748662713,0.5261022325915953,0.536702790292517,0.526742301458671,0.5338354622044493,0.5288116250012298,0.5311327831957989,0.5285487186237482,0.5342219943604204,0.5227225349176569,0.5260539602231231,0.5413200460606321,0.5336581528982499,0.534711899003794,0.5310949332193129,0.5335783418553689,0.54997969484249,0.5369991225504533,0.5382311171577578,0.5494505494505495,0.536308716557761,0.5571083008510158,0.5446859594901791,0.5615403746220401,0.5474179553089341,0.5602240896358543,0.5578356273983969,0.5751621957391985,0.5778048095817347,0.5928668510099826,0.5958284140102322,0.5710449411578865,0.6021790106717287,0.5891028004424281,0.5690899404271808,0.5686988171064604,0.5501001674931854,0.5452362690499216,0.5474390984546865,0.5627713055264828,0.5434405167025488,0.5423109012479363,0.5520848467238123,0.5333532252951159,0.5460711616945451,0.5499921148083898,0.5550819938301672,0.5610215616495708,0.576210580734103,0.5598831548198637,0.5625557410414141,0.5791414523449319,0.5809459394173632,0.5871446229913473,0.6025471889587984,0.5793365619955215,0.6028585877405446,0.5888258757767346,0.6251212818451473,0.6153325053629898,0.5992124636192433,0.6318979813575799,0.579820551887591,0.5945025674822199,0.5970769961977187,0.614873152152863,0.6257780170238535,0.6155286610951208,0.6287048679719777,0.6275610026209901,0.6377065407751465,0.6278026905829597,0.6170860714858151,0.6107154686982444,0.6073133310603478,0.6381761366137053,0.6118085880640466,0.6574606466207936,0.631553279687881,0.6256595808834614,0.6167354831965713,0.593183779119931,0.5984374134205132,0.6235990574170929,0.6605019815059445,0.5925788036733681,0.6318911599716294,0.6093865732947277,0.6622516556291391,0.6246822110844774,0.6664680914438901,0.6391880374990315,0.6824422548861251,0.6577844813138931,0.6068692433502625,0.6364214928629875,0.6387375540108962,0.7094994087504927,0.624562806035775,0.6619733109173058,0.6270447110141767,0.6517265035444775,0.6072874493927125,0.6219679064560268,0.661600943272632,0.6355932203389831,0.6101990411157926,0.6465845123992089,0.6574778200253486,0.663419549882432,0.653993721660272,0.646041856232939,0.6273764258555133,0.7428684627575278,0.6947324761509747,0.7746933505487411,0.5912539045069165,0.6046511627906976,0.7219774840920216,0.6522829904666332,0.6929637526652451,0.6504290063659008,0.6417736289381564,0.5515898767034393,0.8006814310051107,0.7865168539325843,0.6356773937226857,0.6855006231823847,0.7921267402784447
278,548,0.7536041939711665,0.514018691588785,0.5893596686842943,0.6071545782737119,0.5847953216374269,0.7031000319590924,0.5937098844672657,0.5843335439039797,0.33467202141900937,0.43017868960953015,0.2966604509238854,0.27555438918777064,0.2136752136752137,0.230782886561335,0.21232242124768375,0.1541729477867617,0.1308411214953271,0.14860539551897575,0.1214425260045409,0.1281059653872184,0.15188742461469734,0.13125512715340443,0.12409747292418771,0.10636813838320429,0.11536243030186502,0.09649643705463183,0.11429208596994954,0.10529640939243971,0.10438932246358802,0.09453119529444716,0.10210876803551609,0.10383335805556143,0.10216674421898075,0.09053085753910163,0.0863605972810341,0.0909123319904453,0.09878536945728177,0.09616027827948358,0.09701830412004397,0.09639196263440018,0.08265590876000971,0.0932712504222911,0.09501524498333688,0.09493801510752763,0.09340965100564433,0.0893775720164609,0.08682601307351683,0.08953743027575109,0.08553016988869361,0.08846747119136195,0.0898655875445193,0.09052699644358228,0.08767204318112198,0.08990282180533181,0.09889641741388404,0.09394011690325658,0.09714019272614237,0.10521945097151053,0.10911982836745639,0.10853473565661245,0.11497660046529593,0.12176223156962586,0.12352468747817585,0.1281246506668501,0.13768287326418216,0.14070285212957906,0.14867665489813806,0.1596191769307859,0.15430864927962645,0.15781809595025384,0.15784890050076203,0.16438188588074285,0.17123029910734447,0.17207946000355262,0.1697947192751547,0.1678117066593996,0.1765894826424595,0.1702276707530648,0.17087113209891885,0.16938796293153197,0.1737245748582861,0.16960140395911233,0.1611975784828691,0.16511309769986957,0.15496224956151655,0.15876270723038302,0.15287421951264435,0.15007610350076103,0.1470225675131238,0.14273284226084054,0.14216108443542583,0.136238185365968,0.134965748433173,0.13259360061411773,0.13136146150500216,0.13045691739849816,0.13100411479884808,0.13001666733488743,0.12982907719749825,0.12845430377767353,0.12407974191413683,0.12509101260764122,0.1253740780916975,0.12267341189497853,0.11897534852459726,0.1166585087289933,0.11688176917489117,0.11865769169778925,0.11244873660537108,0.11640898908562529,0.11282830284217246,0.10912889304268947,0.10890609874152953,0.11187963294662294,0.11122641613583423,0.10669054765971796,0.1091836507901229,0.1090898945371352,0.09897360703812316,0.10285792005984461,0.10306511659776627,0.09682150468638999,0.09205454231632243,0.09097483699145927,0.09148865945952206,0.08988045027487711,0.09189125711937056,0.0851063829787234,0.08420163166695428,0.08065628429391271,0.08138592053829677,0.08290453435796404,0.08348639171814995,0.08018870868097375,0.07771303439509684,0.08026853473438413,0.08107386305829688,0.0808839044227191,0.08199504186231239,0.07879559003042026,0.08792363945467878,0.0952936091062704,0.09847203129956647,0.11378804057661505,0.12185269960953278,0.14510089099422993,0.16086855327829575,0.1802219393402701,0.21012069723771562,0.22517458934618576,0.2453385672227674,0.27574443891692135,0.29853620955315874,0.310269043480759,0.33385121219785385,0.3480533169371308,0.36856127886323264,0.3810839056434757,0.3910466915789076,0.4008551576696953,0.41982340331679835,0.42327378759494266,0.4265308558468945,0.43635778117703894,0.4493640459875009,0.45107392669121826,0.46514351685308664,0.4764725795531483,0.47302183045244817,0.48941497837468695,0.5129488302264481,0.503182287983463,0.5265633213142873,0.5273362494497157,0.5243588521308037,0.5260705827542027,0.5224166937221452,0.5346336584146036,0.5214609005579125,0.5352473724685978,0.5373149885345008,0.5313462535855288,0.5294820331249125,0.5374817015884114,0.5302744558585344,0.528844530959909,0.537573046018992,0.5256135058304809,0.5375840889148874,0.5537455396035469,0.5379405599912767,0.5387745037603254,0.555228295336333,0.5580955786569948,0.5412516198280037,0.5616984237082977,0.5538579067990833,0.5445009112056065,0.582831025015721,0.5832631546115218,0.5819312305697458,0.5887445887445888,0.567095806018482,0.5902151892676546,0.5738742926758892,0.5787765777110476,0.5800727934485895,0.5870471936681008,0.554406909660853,0.548282610162629,0.5490451761233979,0.5443086325439266,0.5307723714341505,0.5239357838151969,0.5333532252951159,0.5441551225307045,0.5421069231982337,0.5429046923201818,0.5369478752355035,0.5708254351197656,0.5632026201646455,0.5659859589745935,0.5566849470499243,0.5966471810232378,0.584672435105068,0.5974731073675664,0.589751601312295,0.597535333102659,0.601036550620031,0.6168048124636154,0.591340182906176,0.5949323745933915,0.6104534797277977,0.6235539755092827,0.598621522915122,0.5926211977186312,0.6003485895035827,0.6476466036402785,0.6311336130665465,0.6233159691036464,0.6220236996566872,0.631995735932384,0.6395008773640086,0.6110754928674467,0.6355581318317324,0.6222297988407774,0.6249724924079045,0.6004366812227074,0.629182769346781,0.6242379907339672,0.5955073119252223,0.6245753410338158,0.6120578084555651,0.6316839363883194,0.600609230415541,0.6184700372282935,0.6111938446264582,0.6189954220130247,0.6396875631270622,0.648309515510631,0.6355778310452532,0.6255119517462209,0.5888277678778957,0.6339848166693588,0.6703536115300821,0.6111732805371438,0.6773343031184653,0.5823783580687583,0.6257390618841151,0.599580293794344,0.7092571188399706,0.6434023991275899,0.6631603018522754,0.6787330316742081,0.6779450180370693,0.6091969081619285,0.6697648988518317,0.6901060584047654,0.6389776357827476,0.6495564005069708,0.6382264024185421,0.653993721660272,0.6915377616014559,0.6653992395437263,0.7329635499207607,0.5599336374948154,0.7316548310738111,0.7362784471218206,0.6627906976744186,0.6607929515418502,0.7024586051179127,0.6663113006396588,0.6365900913368392,0.6271878646441074,0.7300454250486696,0.4940374787052811,0.898876404494382,0.6555423122765196,0.9347735770668882,0.744119059049448
279,548,0.7536041939711665,0.5607476635514018,0.5893596686842943,0.5415162454873647,0.5360623781676414,0.62320230105465,0.5776636713735558,0.6948831332912192,0.3748326639892905,0.3639973527465255,0.2881844380403458,0.26243275160740065,0.23504273504273507,0.2174684892597195,0.18915997529339096,0.17815540633136906,0.17445482866043613,0.1343164151806127,0.14520302022282064,0.14985980856618,0.1429528702255975,0.1251025430680886,0.118456678700361,0.13949919787961218,0.11215791834903543,0.12321852731591448,0.10732305633763554,0.09476676845319575,0.09444748222896059,0.10386760964451602,0.097669256381798,0.09217859337585556,0.10317829614194096,0.09149395176824102,0.0947180744372632,0.09269492673535598,0.08847733090521757,0.0919793966151582,0.09055041717870771,0.09560828814143757,0.09099733074496481,0.0925368311276274,0.09359710699851095,0.09149823195145779,0.09009725203381297,0.0842335390946502,0.08310489822750895,0.09135237818674603,0.08963093145869948,0.08563197531984394,0.0849036839377667,0.08513848475051192,0.086615753504241,0.08730447435431066,0.09483912849434008,0.09244900393653822,0.09325458501709667,0.09247987619020656,0.10634559544286004,0.10490177379362961,0.10554492620837712,0.11512065530219172,0.10912074865563237,0.12339521725297309,0.12459033010102374,0.1336677095231001,0.1421234139108923,0.1369896227330036,0.143115275756752,0.14915974654649927,0.1492955118036764,0.1490905476592784,0.15805873763754874,0.1532062289063888,0.1574327911052291,0.1527516817027868,0.1577958228431616,0.16007005253940457,0.1622412769424078,0.16836959842492955,0.160053351117039,0.15715960212427396,0.15344458873619807,0.15556898800623548,0.1436465477679778,0.1454030273655954,0.13629749691488774,0.14033485540334856,0.13649947985881022,0.12723783642041525,0.12682420395691515,0.13418728795185667,0.1265121702375747,0.1195087058166719,0.12121212121212122,0.12322538095733972,0.11946190204124033,0.11942059532741862,0.11853959222380275,0.12119384312937025,0.11442909532081508,0.11195235045191523,0.11338177496988297,0.11073175232998063,0.11301303037530082,0.10986022733452983,0.10650441583693354,0.10772149891458287,0.1005975217180403,0.10402505407651622,0.10154547255795522,0.10308144808818274,0.09873052890961895,0.10113257460938577,0.09991057727337964,0.1014389403914935,0.0991820949925544,0.09458177557055969,0.09305210918114144,0.09492397581280426,0.09107416120412032,0.08564979260719115,0.0871641447557678,0.08179125723206906,0.0848296747520252,0.08348119491550074,0.08337737067700077,0.08303782505910165,0.07765592178471756,0.07855742187734248,0.08138592053829677,0.07831572249313208,0.07451933482990421,0.07426036056837257,0.07519601303817063,0.0732886621487855,0.07439719198290771,0.07417022065640645,0.07943269680411513,0.07782679179234132,0.07689262933859362,0.08677940348165517,0.09285449931267845,0.10477843032568072,0.12218930927696242,0.13626570793603326,0.15025807423228052,0.17572503874252823,0.20279090547360926,0.22728230781120465,0.24498556209007277,0.2743230758297207,0.28355589796267766,0.30847350503468984,0.3280702388264624,0.344027463639225,0.36930136175251627,0.3784711854284861,0.3868946514173555,0.3955104222340994,0.41131085504678033,0.429152590200428,0.43050968845740656,0.43112470815554305,0.455067669417986,0.4568410819183206,0.4605422770281011,0.47012525389302645,0.49066868672956404,0.49729464707839394,0.5107147325338243,0.517235126656875,0.5127306596335266,0.5142230922697938,0.5210220230717895,0.5265558877198432,0.5243843648849404,0.5211302825706426,0.5265236277477952,0.5306331709817995,0.5326245570148009,0.5440477576553023,0.5354010395927723,0.5243723917935721,0.5352665793969515,0.5372835394326736,0.5324369978086194,0.5488194001276324,0.5446036852880959,0.5489718711586887,0.5391521378290949,0.5412402909628898,0.5533482898216502,0.5421317463155475,0.5517232352055709,0.5378976430426918,0.5623461505814447,0.5770968841213163,0.5659596006073713,0.5762452824303671,0.5881801565355954,0.5800865800865801,0.5844720006318617,0.5766561916763707,0.5866982992161326,0.5900776545422257,0.5678863902248797,0.5624158428848238,0.5585753826658219,0.5550307038261691,0.5490451761233979,0.53475935828877,0.5440860596808265,0.5511768124364376,0.5492046323406001,0.5556513575137476,0.5470351679545813,0.5398603669426855,0.5578815155955621,0.5654402895054282,0.5687350624059485,0.5922842964623019,0.5661403177004538,0.5785303637856901,0.5822002472187886,0.5962045869697584,0.597562880799875,0.5935428921242448,0.620030933709603,0.6112604995425942,0.5969854352489556,0.593505678251441,0.5890089780980157,0.6150894419050843,0.6027404783480242,0.6000475285171103,0.6358530759796011,0.6156848232008881,0.6380691472760689,0.6340937668403089,0.633098305585293,0.6300921343181298,0.6297523883798012,0.6371213335470428,0.6148559125538258,0.6328844186839414,0.6359755292460719,0.632278020378457,0.6150438307097748,0.5974152645696171,0.6231468918036082,0.611508911305075,0.5958800690250216,0.6233723056463678,0.614977872291511,0.6394860093671191,0.6329113924050633,0.6609065703784899,0.6464211164231365,0.5890554200069711,0.664632817607322,0.5920023829026734,0.6120709692414968,0.6864803747375222,0.641025641025641,0.6499096152190755,0.6591508318938085,0.6387375540108962,0.6651556957035869,0.649545318277206,0.6829883366607123,0.6379498364231189,0.6059913103132861,0.6489640390569182,0.6779450180370693,0.6943534652168217,0.6424275560415528,0.6610489612087752,0.6313707591662863,0.6337135614702155,0.621430970775949,0.680153470526683,0.7006369426751592,0.7509505703422052,0.6735340729001585,0.6843633347158855,0.7531740908112761,0.6693440428380187,0.5581395348837209,0.7219774840920216,0.6522829904666332,0.6130063965884861,0.6089122612787157,0.6709451575262544,0.6813757300454251,0.6984667802385008,0.7490636704119851,0.6158124751688517,0.519318653926049,0.672107537205953
280,548,0.6880733944954128,0.5451713395638629,0.7167887862376553,0.7220216606498195,0.5685510071474984,0.5433045701502077,0.3851091142490372,0.6159191408717625,0.428380187416332,0.5073902492830356,0.3729445668757416,0.2558719328172156,0.24572649572649574,0.1997159595242322,0.19688079061148855,0.17472934082499658,0.13707165109034267,0.17146776406035666,0.13728285548339406,0.1522769022527313,0.12061648425284789,0.1251025430680886,0.10905535499398315,0.1098556183301946,0.0993398705377171,0.12470308788598575,0.10732305633763554,0.10266399915762872,0.10687478252224487,0.08869593632565413,0.10321864594894561,0.093238117437647,0.08598191345161747,0.09245704599738039,0.1030755515934923,0.09002103461798994,0.09792636624460975,0.09448792561375342,0.09216738891404178,0.09560828814143757,0.09478888619267167,0.09400566971695481,0.09146990002127207,0.08117888248324825,0.08877229244508042,0.08744855967078188,0.08124434080450503,0.09256234346074267,0.08670181605155243,0.08619907449414754,0.08931426492154679,0.08998814527427525,0.09136905705020544,0.0847061269032895,0.08875319511502414,0.09195196628096544,0.09082608019894312,0.09531089280827411,0.10542085113466125,0.10762649519086674,0.10868881762735005,0.11644897055567854,0.11785040854808297,0.12339521725297309,0.1359935128560327,0.13325387760507193,0.13843721585556656,0.14628390392137847,0.14871196251818924,0.15034043055610216,0.1555161581288296,0.156353933314474,0.16106938025921635,0.15986736929362308,0.16070506620903294,0.15992312215831672,0.15566823871493918,0.1607705779334501,0.16258647114866823,0.16497505006958824,0.16438812937645883,0.16567241390600548,0.16152061972231374,0.1584322209143257,0.14741844836582407,0.1519275221832824,0.15226026682383856,0.14094368340943683,0.14251267280413227,0.13438937757753464,0.13272300414095772,0.12949952243388785,0.12826118641597434,0.12706886725519617,0.12556183848049876,0.12669651844909577,0.1258101190579246,0.11970697565194481,0.11797511797511798,0.12035609766995063,0.12021948327680812,0.1193428479145111,0.11419943200091577,0.11425996992873001,0.11301303037530082,0.11121988361342253,0.11633559268341971,0.10963533265164399,0.10335361820346606,0.10485064974379014,0.10264623648812275,0.10418098353445669,0.10313077532341812,0.10526605858524621,0.10294653404135526,0.09839853618357408,0.10418287289133865,0.09681379387310976,0.09840965486126776,0.09719081702624435,0.09335815270767193,0.09166532988060591,0.08975317875841436,0.0846611259068785,0.08801440656865413,0.08522644637714884,0.08190945922141976,0.08244680851063829,0.08092877672583591,0.08275514671048292,0.08108337064781983,0.07648019774719929,0.07482854368811957,0.07644448882038353,0.07928617274317572,0.07931673392725704,0.08107386305829688,0.07608841601821006,0.07751093801046718,0.08234785023670971,0.08403034176664873,0.09169144518816395,0.09384582848683516,0.10344367325146822,0.11848660293523629,0.14000366999911648,0.1588149121726154,0.1816056010626522,0.1996495661461351,0.22903873986538706,0.23721944917079094,0.27183569042711964,0.28462592021914057,0.30775528965626214,0.3251797521407667,0.3539091035522665,0.3626406157489639,0.37735144819349065,0.39444381534745027,0.41688936397648313,0.41750179924315706,0.42484146828973873,0.4432419528110452,0.444408662748571,0.44447522590422806,0.4490142283958246,0.4638886332644542,0.4722410291130671,0.4803388196405206,0.4924792939816841,0.5057997176100517,0.5068088269959564,0.5095030385746825,0.5245262871968752,0.5167318142816283,0.5255852777885623,0.5342227206989169,0.5316329082270568,0.5260173550288069,0.5316585490899769,0.525328330206379,0.5281708775680853,0.5305582161190688,0.5342043741397016,0.5363759401832664,0.5361583383029717,0.5427090942293645,0.5343157161919128,0.5446036852880959,0.5412146599357942,0.5446042380992767,0.536308716557761,0.5577349693559102,0.5376618732599423,0.5392881919447099,0.5399377099568866,0.5566873213932038,0.5622805327959937,0.5690271323179803,0.592620317519728,0.5834934620612082,0.5832349468713105,0.589210962799147,0.5830368964252102,0.5746757930846544,0.5803910172583588,0.5548875601195892,0.5698052481198069,0.557741688064828,0.5533436804102841,0.5473294099480123,0.5399680533370372,0.5307723714341505,0.5203036466656981,0.5380154038379054,0.5575673966775881,0.557877306418546,0.5560967689559994,0.5526481055055474,0.5719024642426331,0.5720545277507303,0.5785634247295844,0.5874149016641452,0.6014783322865839,0.5982694684796045,0.5911305053785264,0.5923553611414883,0.6135050970163158,0.6051067755677965,0.6209630471543813,0.5941628090775658,0.5820921075158364,0.6218905472636815,0.6023926414987867,0.6013674932037235,0.6223265209125476,0.6003485895035827,0.6392356087878074,0.6051253597808371,0.612538171366984,0.6497102144782015,0.643417345617909,0.6219535971924351,0.6271037025164289,0.6334879099039417,0.6328844186839414,0.6337749218784384,0.6254548762736536,0.6126873409369403,0.6022921238722263,0.6231468918036082,0.6324151988710605,0.6012726488352028,0.6067490441624647,0.6408414276682568,0.6184700372282935,0.6546289401836685,0.6351150944612806,0.5757188068143559,0.648309515510631,0.6610009442870634,0.6552982351627076,0.6353141706050981,0.6784041350347279,0.5991285403050108,0.6714298011534819,0.6500590962814802,0.6058613563779823,0.645447378793851,0.6445488158289198,0.6619733109173058,0.6543075245365322,0.6803109993139721,0.6132412479161705,0.646846622714268,0.6419494301061182,0.6560962274466922,0.6319918640127852,0.6998326487144378,0.7129277566539924,0.7138058448102116,0.6452738053714684,0.6096451319381255,0.5893536121673003,0.6834389857369255,0.7051016175860639,0.667097051861416,0.6135653726015172,0.6511627906976745,0.7709251101321586,0.6773707977922729,0.7329424307036246,0.6089122612787157,0.5980163360560093,0.6813757300454251,0.7325383304940375,0.6554307116104869,0.6555423122765196,0.7893643539675945,0.600096015362458
239,548,0.6389252948885976,0.6697819314641744,0.6212169480726346,0.6071545782737119,0.649772579597141,0.5912432086928732,0.4653401797175866,0.5685407454200885,0.5890227576974565,0.35296712993602475,0.31361247669096454,0.2821152079779557,0.25106837606837606,0.230782886561335,0.1814391599752934,0.19528573386323148,0.16199376947040497,0.17718335619570186,0.14784307513596284,0.14502562119307744,0.15188742461469734,0.12100082034454471,0.12973826714801442,0.11857431819767036,0.12978273408959815,0.11431116389548693,0.10871686226409834,0.10398020427503422,0.11308843266888702,0.10620171323203323,0.11653718091009989,0.11125002648810153,0.10115519229602055,0.11075583635102859,0.1030755515934923,0.11319476630182894,0.09792636624460975,0.11037527593818984,0.11076256387038354,0.1034450330710636,0.10616355253579228,0.10061544336892819,0.09856058994540169,0.10663327783816509,0.10665924689296977,0.10095164609053497,0.10047010084221232,0.10284704828971408,0.09900410076157,0.09867525632882679,0.10530262098774962,0.09699321047526674,0.10034751930369384,0.10029621160941642,0.10954680082768695,0.11083939719273132,0.111225520671433,0.1212618784738933,0.12114150437404056,0.12897014613589095,0.1271030387956201,0.13371706885100731,0.14098400726307703,0.1504819722597233,0.15668817785586375,0.16304977570310042,0.15932567150241242,0.17255035075809008,0.17669539632537537,0.1755283560942973,0.18623059935927344,0.18426062556864664,0.1911758064758923,0.19021256439102377,0.19197347275649182,0.19111888813987177,0.18900039005709018,0.19439579684763572,0.19641550336219157,0.18975525306357988,0.1930643547849283,0.19710433433086028,0.19285561994844264,0.18929150892374255,0.18702340464320963,0.18361792558347625,0.18019511416450248,0.17534246575342466,0.17137599894167804,0.17193496865241126,0.16870568526361737,0.1646577638186538,0.1670310450371666,0.16428812356793096,0.15861968972016818,0.15822601733254654,0.15870542541710672,0.15292709329698212,0.14986791302580776,0.14995643723611018,0.15413461273333887,0.15054717053436034,0.14636060855487296,0.14818513914747408,0.14661882358042624,0.1443954968184043,0.14227897602831377,0.14080348208378218,0.13973409181108612,0.1364984836559578,0.13842106421856767,0.13496797603012728,0.13668265422863682,0.13640497120339495,0.13441008600037535,0.1343305859135309,0.13252061431778275,0.1322470844260923,0.1282991202346041,0.12864323886272577,0.11933855606057146,0.11314939157137292,0.11190380300327944,0.10962898337772063,0.10770183961690571,0.10733296489135809,0.10627678938406436,0.10401891252955082,0.10383876131366447,0.10344393338810365,0.0998414638573901,0.10125978181729187,0.09770999919605697,0.09173338658446024,0.09501755622396456,0.09391101296987232,0.09697069895208058,0.09910676035985345,0.09672852594694666,0.09784862204597271,0.10479459610280902,0.11526924537940611,0.12622924817595432,0.14648958889482114,0.1656119563753871,0.18689810315416033,0.21289412795553184,0.2372979853885322,0.2673628805383558,0.283488133545042,0.31205653730205235,0.32051737616374104,0.34347714432460197,0.3569530430785584,0.3822668641832569,0.3842859966182832,0.40186500888099463,0.421767691848313,0.4367191333559808,0.4344506375505841,0.44381331207775826,0.4573708427067575,0.45955516651414474,0.4673536752274374,0.4656601129317439,0.4733186682814701,0.4768557636803226,0.4933987813134733,0.4936815646305351,0.5121784657409515,0.511161552072349,0.5249415220584235,0.521030256641983,0.5334245009975366,0.5286490609209648,0.5464533913110999,0.5416014875593991,0.5431357839459865,0.5356365366895839,0.5367854396308639,0.5378361475922452,0.5482815923452269,0.5289439416278344,0.5385741440713147,0.5474695480464157,0.5378461399975245,0.537573046018992,0.5563613157742067,0.5527932143901726,0.5447949112694378,0.5712589505312768,0.5554185673776353,0.5646283229097472,0.5427702996092054,0.5608858986609422,0.5582983121846397,0.5672976261211555,0.563762167928526,0.5751621957391985,0.5801441003087864,0.5811501148240146,0.5974025974025974,0.5978990601058368,0.5910127773612596,0.6043313082089672,0.5836198963529811,0.5751982321591056,0.584584058589773,0.5777503584886784,0.5659963560294217,0.5430399945095482,0.5495173275921938,0.5325475298670406,0.5466366409995641,0.5510695037577159,0.5403230442030236,0.5499921148083898,0.5652297450884883,0.5610215616495708,0.5708254351197656,0.5786934584402939,0.5797068307073109,0.5968702723146747,0.6026861201024204,0.5723114956736712,0.5759082606048305,0.5858459615685049,0.6121742833568444,0.6132472254633273,0.6320516729964238,0.630856949305634,0.6334531758260572,0.6662091839652313,0.6263754867106822,0.6054864486366257,0.6163854562737643,0.614873152152863,0.6526932005517613,0.6554079827998751,0.6305011675947547,0.6349440732400605,0.6415137440036549,0.6297523883798012,0.6311107549286744,0.650049685326267,0.6286225707466758,0.6095682408344703,0.6004366812227074,0.6056178716184372,0.6242379907339672,0.6532991607618474,0.6167354831965713,0.6659836065573771,0.6039785005818141,0.6609575262946146,0.6665065449741804,0.6484239265326384,0.6415629634405828,0.636320786479025,0.648309515510631,0.6755284375680977,0.6366818080274034,0.6159448361354304,0.6218704571151672,0.645215351097704,0.6326934664715503,0.6136921538321666,0.6763103513056548,0.645447378793851,0.6445488158289198,0.6619733109173058,0.6543075245365322,0.6745941001600733,0.6787330316742081,0.6344072645851474,0.6026464037730905,0.6971022416621104,0.6247275897137876,0.6465845123992089,0.6337135614702155,0.6466241182398388,0.6103941402162539,0.7370336669699726,0.6844106463878327,0.6636291600633915,0.6636250518457072,0.6563374219926835,0.6247211066488175,0.6744186046511628,0.697503671071953,0.7526342197691922,0.6130063965884861,0.6365900913368392,0.6271878646441074,0.6489292667099286,0.596252129471891,0.7490636704119851,0.8343265792610249,0.6231823847112589,0.7921267402784447
277,549,0.5242463958060288,0.5607476635514018,0.6212169480726346,0.4594683295044306,0.4873294346978557,0.5433045701502077,0.7702182284980744,0.5211623499684144,0.44176706827309237,0.35296712993602475,0.3898965926428208,0.27555438918777064,0.2403846153846154,0.20859222439197586,0.1775787523162446,0.16445114430587912,0.1557632398753894,0.14860539551897575,0.15048313004910505,0.13052305907376968,0.13848559303104757,0.11484823625922887,0.11469614921780986,0.09939317848922369,0.10414663846696148,0.10095011876484561,0.10174783263178434,0.1131936400968727,0.10190386240493116,0.09686529888196438,0.10432852386237514,0.09959526180839566,0.0940743288352991,0.09053085753910163,0.08914642299977713,0.09715141359763271,0.1005033758826258,0.0886346912836979,0.08489101610503848,0.08855521770477415,0.08720577529725794,0.09474008901161853,0.0872154860667943,0.0825547957456762,0.08347245409015025,0.08873456790123456,0.08124434080450503,0.08167265599477294,0.08553016988869361,0.08506487614554034,0.08104442557695912,0.08837159176635413,0.09084091221176495,0.08730447435431066,0.08773887288513815,0.09095789096981988,0.09276888405346596,0.09342354839622909,0.1035713625182637,0.10217705239639246,0.10913794497291762,0.11600619880451628,0.11872337453732802,0.12898454765119138,0.13134777173362164,0.14277201171971993,0.14499045684281234,0.14911259819610126,0.14991125253849721,0.15112755322917076,0.16173680445398278,0.15406023258125434,0.15881139829296564,0.16393806619693294,0.16543168580341625,0.16458455845441114,0.17127052232190348,0.16672504378283712,0.1687999668613562,0.1697274177670661,0.16572190730243413,0.1610885921773808,0.16152061972231374,0.1603410428530525,0.1574768499600807,0.15658787562448737,0.15072538510182407,0.14094368340943683,0.14131003421506785,0.14362678490548045,0.13714710427898966,0.13418728795185667,0.13758927270077248,0.1264873163753097,0.13252138610990286,0.12582873407615677,0.13158122543672848,0.12801200506320412,0.12277314908893856,0.12538257042646828,0.12242534535528167,0.12043773642748827,0.11937792653079024,0.12131640512622877,0.11545216052728573,0.11502692119432208,0.11524323970047681,0.11182257120828526,0.11079507871411562,0.10650184107833803,0.10622371926116725,0.10720470601171005,0.10890609874152953,0.10499049298685552,0.10874245150749054,0.10503214536448918,0.10473851488009246,0.09960381675129737,0.10292127227611099,0.09917430308800444,0.09592764314916749,0.09510277975112863,0.0911915309821069,0.08839195518413077,0.08714584334593715,0.08580819686436487,0.08778110504374377,0.08717494089834515,0.08360656713220549,0.08485400912705314,0.08229357020972759,0.08045716803005365,0.07730221455384254,0.07675650714209939,0.08023005575202305,0.07646133150587578,0.07980211618679417,0.07704751369911188,0.08135445559776308,0.08331664847478865,0.08435478324065122,0.08710687292875575,0.09847203129956647,0.11779231179925252,0.12488218661639962,0.14612033519325263,0.16360674141920292,0.18471883993801194,0.21151684804992635,0.23255160397375188,0.25698773660169016,0.2842726174401251,0.29568281686925757,0.3160147665081805,0.33782563139068544,0.35134719690814464,0.3737418590882179,0.3919080322484324,0.3970860227229834,0.41078109490723064,0.42330580942726026,0.43973443489030156,0.43050968845740656,0.4375654134127687,0.4493640459875009,0.4589007802137143,0.4680715785598956,0.4883209207853758,0.48937745334343363,0.4907282564919715,0.5089274543797251,0.5086220965022031,0.521491345364675,0.5343611550818167,0.5186385737439222,0.5183057033039562,0.528319707210531,0.5351337834458615,0.5265236277477952,0.5326839271981543,0.5336668751302898,0.5387554642928967,0.5370153140840068,0.5265572767593786,0.5435867852943135,0.5462851484702891,0.5518398466033602,0.5511399895573476,0.5492834162035682,0.5573257909371905,0.5355174043156402,0.5560350141782764,0.564001654404853,0.5517100457204158,0.5563045669332565,0.5372176207379602,0.5595167359873242,0.569688708458655,0.5805303762327643,0.577025046006051,0.5928668510099826,0.5848091302636758,0.6010583682173605,0.5934055416420744,0.588301300033663,0.5731260392954586,0.569511243988041,0.55584748267595,0.5602427718678094,0.546595586746744,0.5533345915618619,0.5651434127369956,0.5440860596808265,0.5402804009879413,0.5529343751748317,0.5355329462934223,0.5568916574672765,0.5581263192076635,0.5620682436675738,0.576210580734103,0.5587766663716031,0.5476914633309703,0.586232980332829,0.5906082419440553,0.5822002472187886,0.6025471889587984,0.6092798000312452,0.5962045194431876,0.601036550620031,0.6057161866215729,0.6082759399345151,0.6191862124065515,0.6018756790758849,0.5981603746966875,0.6082324189252272,0.6238117870722434,0.6245561939190498,0.6207314201123708,0.6207303117522627,0.6233159691036464,0.6460186791686663,0.6453209472321632,0.6005069214271788,0.6271037025164289,0.6148559125538258,0.6030514831230822,0.5963645966286695,0.6163573508005822,0.5891224432085964,0.6339917093391856,0.6130961354841952,0.6088956253593267,0.6390207075064711,0.6372250235496204,0.6638312546698085,0.5974540650894681,0.6515264333581534,0.6576826358888387,0.6699885529593967,0.651795050540258,0.6827921842086149,0.6180653808920992,0.627566436817231,0.6743660151833307,0.6535947712418301,0.6068692433502625,0.6500590962814802,0.6810069509674995,0.6602286164761529,0.5945837913460578,0.630450772302196,0.6106870229007634,0.6231420077749829,0.6668254346272922,0.646846622714268,0.661600943272632,0.6902679059595408,0.6973703327037629,0.6313707591662863,0.697084917617237,0.6718172657037286,0.6714335542378793,0.6733393994540491,0.6749049429657794,0.6933438985736926,0.7051016175860639,0.6563374219926835,0.7697456492637216,0.7093023255813954,0.7219774840920216,0.7024586051179127,0.6929637526652451,0.5673955161915305,0.5980163360560093,0.6813757300454251,0.7155025553662692,0.7303370786516854,0.7747318235995232,0.6024096385542168,0.6240998559769564
240,549,0.5570117955439057,0.6386292834890965,0.5097164702134438,0.6892024942566459,0.6172839506172839,0.5273250239693192,0.6739409499358151,0.42640555906506633,0.4819277108433735,0.386057798367527,0.31361247669096454,0.26243275160740065,0.2403846153846154,0.2485354162968223,0.20460160592958615,0.1541729477867617,0.19314641744548286,0.17146776406035666,0.14520302022282064,0.14985980856618,0.1429528702255975,0.12305168170631665,0.11657641395908543,0.13252423798563157,0.12657822213676856,0.11728028503562946,0.12265492152872634,0.11450984521427819,0.11308843266888702,0.10853581681955045,0.097669256381798,0.1101905024263101,0.1092476076797022,0.11268202480930735,0.10771859445806403,0.10695568469464152,0.0953493566065937,0.10117733627667402,0.1051031627967143,0.10579605654995142,0.10768017471487502,0.09988102407426448,0.10281500389987946,0.10044166815723937,0.0987094893605745,0.09002057613168724,0.09488842857320053,0.09740220455672922,0.10076157000585823,0.09470556210870157,0.09813542688910697,0.09645435930595969,0.10193195381901532,0.09925687262900795,0.10903963971274394,0.10736013360372182,0.10976841778054088,0.11371250082571317,0.12206624868223935,0.12306658310854382,0.1284504208323228,0.13725924286030552,0.1479677351770375,0.15263171472057646,0.16048923877420007,0.1680157587194385,0.17120342079179535,0.1769954417612259,0.17469657962486207,0.1778897241135031,0.18273148580137477,0.1938177119570619,0.19682076139151902,0.1950233880040263,0.19379140336971618,0.19685604050429567,0.19609233715116486,0.20245183887915938,0.20262899907487952,0.2016361723072745,0.20206735578526175,0.19906882935741368,0.1973781973006674,0.19724493366843762,0.19079530524105587,0.1839286158128899,0.184799759330546,0.18508371385083713,0.1803957883596611,0.1728289112970512,0.17371966542005357,0.16260686640454244,0.16615653694796678,0.16545122532770393,0.16093953892996954,0.1648790308584123,0.16101386796862827,0.15665003751582252,0.1538192327666012,0.1507941826955298,0.15441034549314805,0.1552004467145133,0.15235676011578023,0.14899934320872393,0.1463478091190946,0.14548322184151846,0.14391750550272814,0.14381093509916393,0.14000970145962868,0.13704888076747374,0.13594434537569072,0.13991588553836004,0.133107454017425,0.13750723359695774,0.13606606241927116,0.1304609805579971,0.13140933034027516,0.13531610959209867,0.1288630724114595,0.11957587400896535,0.12190804650206702,0.11630038728601874,0.113917496116449,0.10962898337772063,0.11146561358201264,0.10616946391692603,0.10510246021959956,0.10224586288416075,0.10264863224416688,0.10224458343577782,0.09832871440500539,0.09483544520652712,0.09770999919605697,0.09422953315818705,0.09407367321511723,0.09200741135561816,0.09792450910570759,0.09207337736657352,0.09544735341784802,0.10689073893470946,0.10511903757681153,0.11494177593230552,0.1295336787564767,0.14682327816337426,0.16830483371482427,0.1872379178871679,0.2159745896140524,0.24940502545937568,0.27573978541162014,0.2964857307459918,0.31946964508863956,0.345391230189752,0.35738743365862014,0.3781403967421751,0.3891317700617842,0.412100983040178,0.41851687388987563,0.43781725888324874,0.44238100630355187,0.4585019470107658,0.4650946827528033,0.4683446075703301,0.4691043647793737,0.483052894291925,0.48806720498007805,0.49309177191724957,0.49358754486208833,0.5120176032498308,0.5040114317195785,0.5275000437759372,0.5339493485371128,0.5435275344974524,0.5505399348942723,0.5615241235259406,0.5477166555439031,0.5600419303490314,0.5593105280245566,0.5616404101025256,0.5498121728212554,0.5496026659830813,0.5592036689597666,0.5758015178297363,0.5714531698970092,0.562061657453735,0.5630005990548247,0.5659761682400729,0.5740960555149744,0.5673841155653536,0.5761918689675344,0.5573257909371905,0.5664126391800041,0.5763777585994329,0.5652549914146415,0.5868304768715997,0.5739754178829012,0.5922994274212194,0.5644682115270351,0.5741336138562518,0.5897329713645915,0.592620317519728,0.6045835871959507,0.594254230617867,0.6136956006634547,0.5957983059228892,0.6019268069826715,0.6070292697889927,0.6036331730144286,0.5854051036158823,0.5977590289125287,0.5727444496929618,0.5782132011049533,0.5616709493714841,0.5742637530399588,0.5666133953218073,0.5865020606829159,0.5613994750052691,0.557877306418546,0.5652297450884883,0.5861419300816412,0.5859038428399104,0.5742675046472515,0.5957145143954813,0.6098714069591528,0.6038939079182569,0.6032138442521632,0.6203064745281104,0.6327136384939853,0.6148359106757872,0.63766857514992,0.6348238294569345,0.6322682623913289,0.6448667465616619,0.6333276147995653,0.6291969979120817,0.6233352555125353,0.6386644486692016,0.6213285133303208,0.6426000067287958,0.6588757499046364,0.6322974672175319,0.6663221233711101,0.6929109875885174,0.6434002729576915,0.6411283859592883,0.6459092414706856,0.6520627344016365,0.6381761366137053,0.6413755458515283,0.6456781977566217,0.60960741282614,0.6482737826021407,0.6298019129253123,0.6255392579810182,0.6178312184850667,0.6465888844186447,0.6094631920259398,0.6422189128816084,0.6802501773163969,0.6295872331829507,0.6239107703032416,0.6501053243262875,0.6552982351627076,0.6585573719686992,0.6824422548861251,0.6954918719624602,0.6972540242747697,0.7227929811801073,0.6434341536727409,0.6208119826566811,0.6945138403117818,0.6357045287380477,0.6924754634678298,0.6745941001600733,0.6132412479161705,0.6033088692623461,0.6091969081619285,0.6492618917441225,0.6537846869097778,0.6617982656321314,0.6574778200253486,0.7138058448102116,0.6627136379490757,0.5823475887170154,0.7509505703422052,0.6438193343898574,0.7051016175860639,0.5379814934366258,0.5689424364123159,0.7325581395348837,0.6118453255017132,0.777722027094832,0.7196162046908315,0.7749792416274564,0.4959159859976663,0.6975989617131733,0.545144804088586,0.6554307116104869,0.7151370679380215,0.6855006231823847,0.6961113778204513
241,549,0.6716906946264745,0.5919003115264797,0.6371455877668047,0.6071545782737119,0.5360623781676414,0.4953659316075424,0.6418485237483954,0.505369551484523,0.44176706827309237,0.43017868960953015,0.2966604509238854,0.26243275160740065,0.22435897435897437,0.23522101899520684,0.1775787523162446,0.16445114430587912,0.1557632398753894,0.18004115226337447,0.163683404614816,0.14502562119307744,0.12061648425284789,0.13330598851517636,0.14101985559566785,0.12729301806514612,0.12657822213676856,0.1187648456057007,0.12683633930811472,0.11056122986206171,0.11557389272754387,0.12370749013841234,0.10654827968923418,0.11866669492064164,0.11531691921746343,0.10594036520533169,0.11514746304137878,0.1007166030874541,0.11596543371072207,0.1053582179409994,0.11076256387038354,0.11284912698661484,0.1084384858044164,0.108694055610229,0.10352407289229243,0.10456940794452318,0.10003444894930705,0.10545267489711933,0.1066719589188921,0.10163708301571744,0.09900410076157,0.09980945467743399,0.10199468524991455,0.1050759780148723,0.10932598155718223,0.10913059294288832,0.10853247859780095,0.10835420891486738,0.12288234379857009,0.11984637016485952,0.12715234237733267,0.12987838660163664,0.13563645836140378,0.14035864511844146,0.14403938822543474,0.15693119964228286,0.15964455857012533,0.16760192680141034,0.16792680029817247,0.18022823521805192,0.18069302972640197,0.17907040812310598,0.18467543777798515,0.1930531450459887,0.1919284671313092,0.19095269110071647,0.1897919560206226,0.19900747264095464,0.20105670011701712,0.19754816112084064,0.19883186280601467,0.20197562714280864,0.1993997999333111,0.1918656809267178,0.1935017024273319,0.19660865968886201,0.1882807048424917,0.1876568985658539,0.1869485937413663,0.18082191780821918,0.17528457435613737,0.17431881570478439,0.1740146054292557,0.16553671985327295,0.16878006121556624,0.1666143270874769,0.16267942583732056,0.15996158607842456,0.16361086583909001,0.15550451621771777,0.158052789631737,0.1505149342090566,0.1599250006893319,0.15273694756031467,0.15099399839739222,0.14791373779372413,0.14526375127376795,0.14357970305106868,0.15129088813759278,0.14217050618168298,0.14166335935088414,0.1417272562153594,0.1397970191312771,0.13799169850738063,0.13255742321570008,0.13833393039212985,0.1357900663494552,0.13875299203414096,0.1366879292334363,0.1294570615479047,0.1297090006767426,0.12552633219424564,0.12219354544001097,0.1180191122212801,0.1179448823427881,0.1087680227752778,0.11262369787896861,0.1090782163530062,0.10921261229522636,0.10313238770685579,0.09997084183779731,0.10224458343577782,0.10135421330977479,0.09299992046059434,0.09987446120356457,0.09953384462735651,0.09879308825935387,0.09613188151983552,0.0966527622342049,0.09718856499804983,0.09929087100514392,0.09946328577610428,0.10998565968684909,0.11068467311999791,0.12854234958231997,0.14415376401494928,0.16359229837080919,0.18655828842115277,0.213920948508372,0.24352446313925172,0.2586369379620387,0.28102912866918656,0.29687731659618327,0.32549214696894324,0.34526051475204017,0.35946679690305533,0.3800989991689851,0.38940980990652696,0.41296625222024863,0.42773962376828906,0.437851507945495,0.4443765747881194,0.4558082664582382,0.46207388479114575,0.4651255321688616,0.4770147331132759,0.4729933430566533,0.5000947461215881,0.4923326612734559,0.49932295192958703,0.502720198333448,0.5310021187553625,0.5183106646887455,0.5321946000834104,0.5367072732135117,0.5512209285988591,0.5529602440652112,0.5479093062080211,0.5381580630245074,0.5436359089772443,0.5523435364161967,0.5490899769289925,0.5612883051907442,0.5636292430962033,0.5676865294174621,0.5653389849024449,0.5624459186616672,0.5704769727588807,0.5701013513513514,0.571445147067355,0.5633226089499854,0.5620994593820486,0.5688357948556405,0.5695968437923807,0.5608683118803816,0.5632040050062579,0.5661217063497258,0.5786989813265875,0.5644682115270351,0.5748744314225179,0.5812972591604165,0.5980786625495149,0.598334661230101,0.6076347894529712,0.612115946607693,0.6077621273269633,0.6091403106615584,0.5924993138631924,0.5890094891459768,0.5771946533547899,0.5910894721045786,0.5626223091976517,0.5816447334557246,0.5616709493714841,0.5449736388972716,0.5566250181606858,0.5557316823005054,0.5594834358414287,0.5549203595647374,0.5784218217243059,0.5714883818296002,0.574056522488368,0.5864388775781181,0.5877106725513961,0.611053328290469,0.5785303637856901,0.5933250927070457,0.6076212705500305,0.6118835598604385,0.624151606292087,0.620030933709603,0.6403681423779558,0.6379135147341086,0.6049192489870456,0.6390461485675073,0.5953388634952881,0.6425570475327457,0.6297528517110267,0.6374669162739656,0.6459644046697843,0.6502063321427333,0.6448715645769714,0.6663221233711101,0.6586461585319424,0.645349970754533,0.6571565956082706,0.650049685326267,0.6286225707466758,0.6073676334668369,0.6300036390101892,0.6197568102554435,0.6486222872470129,0.6181215136439017,0.6454816285998013,0.6471095772217429,0.6289133928076689,0.6724524397953905,0.6274768824306474,0.6453214197071234,0.644786897930234,0.6228536798868763,0.648309515510631,0.6501053243262875,0.6627448060168293,0.6353141706050981,0.6339848166693588,0.649405061169767,0.6369975036584316,0.645513228475316,0.6857035506293444,0.640520299566417,0.6145698011392026,0.6567195544814542,0.7251908396946565,0.6974616967756689,0.6489640390569182,0.6406269436497076,0.6222979169396043,0.6492618917441225,0.6610489612087752,0.6617982656321314,0.5861850443599493,0.6382264024185421,0.6016742239274503,0.718835304822566,0.6939163498098859,0.6834389857369255,0.6843633347158855,0.6348181622552185,0.5689424364123159,0.6511627906976745,0.7342143906020558,0.777722027094832,0.7062899786780383,0.6089122612787157,0.7292882147024504,0.7300454250486696,0.6303236797274275,0.5056179775280899,0.7151370679380215,0.519318653926049,0.672107537205953
242,549,0.6225425950196593,0.6853582554517134,0.6052883083784645,0.5907449950771251,0.7472384665367121,0.4314477468839885,0.7862644415917843,0.6790903348073278,0.5220883534136546,0.37502757555702626,0.3475165282251229,0.27555438918777064,0.20833333333333334,0.22634475412746316,0.22004323656578134,0.17815540633136906,0.17133956386292834,0.18289894833104708,0.17424362426738477,0.1571110896258339,0.14742014742014742,0.14356029532403608,0.1259777376654633,0.13252423798563157,0.1426007819009165,0.1291567695961995,0.12823014523457754,0.11056122986206171,0.12800119302082816,0.12487454193217094,0.11764705882352941,0.11972621898243309,0.11632847114042363,0.11846059018414362,0.1114330287497214,0.11319476630182894,0.11682443692339409,0.11622851026824536,0.1099540780027165,0.11206545249365224,0.11071341907304053,0.11016289419955642,0.11061476281642205,0.108697147731807,0.10268436812677213,0.1099537037037037,0.1010902866498803,0.10284704828971408,0.11072056239015818,0.09924235550313039,0.10419997574180459,0.1050759780148723,0.10774154704186076,0.11536662682533909,0.12273298981620481,0.12376237623762376,0.12482514765309294,0.13069860053411847,0.129926575301929,0.13169486753312806,0.14641551465502528,0.1487713083905247,0.15364201410713038,0.15822104511879476,0.16935838091698482,0.18291370776845275,0.183900325204584,0.185077425403291,0.19188640324927642,0.18615451218072335,0.20100463438151225,0.19764054651242802,0.19945507368547818,0.20390490852033868,0.2046989870490623,0.20474462500537857,0.2049572710187582,0.2119089316987741,0.2098780774063488,0.21046199803116195,0.20540180060020008,0.20987355200345753,0.20351598085011532,0.19692679667864982,0.20305398218405618,0.19542415430119556,0.1933950969738272,0.1832572298325723,0.18670964095224923,0.18594007008510333,0.1813881056593089,0.1746192655443375,0.18014866637516397,0.1744652639659444,0.17021893576917502,0.16690386106193666,0.16534219775273118,0.1623776440063462,0.1628508207455576,0.16112637669503832,0.16295806104723304,0.15602161309924617,0.1583529116766875,0.1587697919437222,0.15339418511371766,0.15282536574753902,0.1526563293662714,0.15091946040824808,0.15048286810424658,0.14860722010930888,0.14117297404398652,0.14871216910855165,0.13943280823726129,0.14384524235994378,0.14489793665338208,0.14013499394683163,0.13863267619407463,0.14257016907538642,0.13506654635686893,0.13119343522784588,0.12847452207477789,0.12775855352109447,0.11650653011909556,0.1159426944623014,0.11957220366070447,0.10965996684022222,0.11420351124420175,0.1140661938534279,0.11008693892852679,0.10944068314973285,0.10468226210502113,0.10493083130915742,0.10018367006177993,0.10483815609652598,0.1025686202947432,0.10120815249117998,0.10619086377047512,0.09942645958682071,0.10633731991518638,0.10592194069663052,0.11420339884888166,0.11952634819171372,0.1321772232208946,0.14615589962626802,0.1713343207216911,0.18995643575122842,0.2166591366492792,0.24179488598627408,0.2680609559444611,0.2950805851026459,0.32052866048672346,0.3361523701229479,0.35667408548764484,0.36664895068733216,0.38479604003324064,0.4069771697519342,0.43220840734162225,0.4352045386682592,0.44653304646510394,0.4569748797434527,0.4616122766423414,0.4703042084388252,0.47666414673934665,0.48144271797761856,0.48358578657041124,0.495563409871722,0.501535140923427,0.5154028436018958,0.5121892431650712,0.5257490062862246,0.5393111829994102,0.5471540735099458,0.5593006206254207,0.5423227147981978,0.5534369339307846,0.5566447955895485,0.5671812126757376,0.5601400350087522,0.5487996273832788,0.5649833376057422,0.5638941004794663,0.5731553711485335,0.5671484379203839,0.569708754834058,0.5813050520290209,0.5716021738885826,0.5655359751643536,0.571445147067355,0.5837964317051769,0.5728402133829795,0.5767110508014588,0.5677475033904574,0.57089500795869,0.5874690301652576,0.5765933217272929,0.5698586913650768,0.5828594063888182,0.5852458773502438,0.6004693323517232,0.5949596082467795,0.6108325131618003,0.6107831562377017,0.6200142168865019,0.6300945939479016,0.6235673180193322,0.6062220500153372,0.6044455998960093,0.5960786889553022,0.5777503584886784,0.5693704028611917,0.5927972135957311,0.5738245711507743,0.5609500647932828,0.5666133953218073,0.5697182179288738,0.5757697687340729,0.5588629553698156,0.5692888455918168,0.5777684739376178,0.5869808719627778,0.6008232274055059,0.6048617622172928,0.5933245083207261,0.620802937339968,0.6266996291718171,0.6215749949259184,0.5962610008852783,0.6281440472705012,0.6281713836051339,0.6195769689241261,0.6421474539911934,0.6248929977743537,0.6290387144736089,0.6207324643078833,0.6315731663783397,0.6386644486692016,0.6471499580401524,0.6611041954042324,0.6502063321427333,0.6610382611819651,0.671859426335413,0.6586461585319424,0.6531487619418991,0.6651707004327616,0.6914541238820802,0.6286225707466758,0.6447779587166058,0.632278020378457,0.6692430954849655,0.6242379907339672,0.6432484044424343,0.627188626979564,0.6605910267471958,0.6593893721948246,0.6552100695442267,0.6635042632400625,0.6577314470091834,0.6705783738474435,0.676722106255471,0.648309515510631,0.6900559308491321,0.670191376870951,0.6856744402262339,0.6178323372637701,0.6577844813138931,0.6326934664715503,0.6409673606691517,0.6669171519819651,0.6848640126133227,0.624562806035775,0.6724808237890091,0.703380588876772,0.6803109993139721,0.6132412479161705,0.646846622714268,0.7009039696056597,0.6219245489338436,0.7118988813017579,0.677012018865054,0.697084917617237,0.6802149815250252,0.6365538890826647,0.6642402183803457,0.6463878326996197,0.6041996830427893,0.6843633347158855,0.667097051861416,0.5800981704596162,0.7093023255813954,0.7097405775819873,0.8404415454089312,0.7462686567164178,0.7888181566565181,0.5542590431738623,0.600259571706684,0.7325383304940375,0.7116104868913858,0.8144616607071911,0.7062733693394266,0.744119059049448
243,549,0.5570117955439057,0.5295950155763239,0.6530742274609748,0.5743354118805383,0.6335282651072125,0.6072227548737616,0.6739409499358151,0.6317119393556538,0.5756358768406961,0.43017868960953015,0.35599254110866246,0.30179766434851074,0.22435897435897437,0.23522101899520684,0.20846201358863495,0.19528573386323148,0.17445482866043613,0.1571787837219936,0.1584032947885316,0.14744271487962873,0.14742014742014742,0.14356029532403608,0.13537906137184114,0.15170537769407824,0.15061206178299044,0.13064133016627077,0.14356201042566832,0.13162051174054964,0.14167122334344087,0.12837569731344678,0.12541620421753608,0.1324405077239304,0.11936312690930424,0.13675938053779182,0.1235049401976079,0.12478163214374843,0.12627347226278626,0.1179008629339755,0.1245068236207231,0.12303689539512869,0.11071341907304053,0.12191360291417577,0.11983265971779054,0.11626467067516065,0.12255876195776029,0.11702674897119342,0.12217660411059153,0.1131317531186855,0.11716461628588166,0.11341983486072045,0.1196370091850349,0.11746955490893415,0.1220014576797541,0.12472067764901523,0.12932608431046375,0.1257505268599149,0.13308206403481504,0.13636063377025356,0.1414858791544138,0.14032315195771233,0.15225417014740358,0.15497011290679655,0.1597527760318458,0.17584893329779092,0.17400412203939586,0.1837413716045091,0.18553863545139543,0.18992661558853005,0.18948782320866048,0.19717422960368372,0.20411495754408884,0.20566849907869686,0.20923966220589788,0.20723547871395584,0.20833484827551102,0.21299178152923795,0.21240381546753662,0.21996497373029772,0.20918768899382792,0.21691163990631046,0.21373791263754585,0.2072542253013863,0.209007681920674,0.2074253173416473,0.2112264334793897,0.20381279049536452,0.20106950558389972,0.19421613394216133,0.18640898130498312,0.18623805096664997,0.18522232577893658,0.17930703106230628,0.17752514210756448,0.1796992218849227,0.17340872843265187,0.16979647563840003,0.17226752540729584,0.16953715211950077,0.17047122310280205,0.17117932220807364,0.16571538864532495,0.161496055664132,0.16516672026862758,0.16528342443372107,0.16098259003100404,0.15744819709577418,0.16057588849260748,0.15447372306279014,0.1526877452925872,0.14778162444203494,0.14970389450278493,0.14871216910855165,0.14080788524157353,0.14577420154867865,0.1495898698402535,0.1398585935642935,0.14224434912097436,0.1420121644997489,0.13647642679900743,0.13714389341312616,0.12990201676449764,0.12747209936521758,0.1213969276796502,0.11622968132978234,0.11696651399255352,0.1198406003665028,0.11713933415536376,0.1196808510638298,0.1088968098590292,0.10524295831659242,0.11194345947646768,0.10554267289113502,0.10080208777821068,0.10390210113137843,0.10225399262512742,0.101525419426889,0.10078593956658866,0.09942645958682071,0.10537644051836241,0.10656780618868315,0.11452784032288416,0.11887140929751255,0.13184678016284235,0.14682327816337426,0.16796822404739464,0.19233513888228138,0.21289412795553184,0.2383357316803188,0.259335013368144,0.2806778422583501,0.3039374192500759,0.32620282851254356,0.3413370998116761,0.36593073530890446,0.37684720164757746,0.4033173031174744,0.41518650088809944,0.42848611525828606,0.4389838825350092,0.4439948079712911,0.45464746442141757,0.46011428392265064,0.4655234154299128,0.46614604299170764,0.4738081464038654,0.4996828064625094,0.4981887846870739,0.5073628977657414,0.5186454100957234,0.523997968796512,0.5218852209969438,0.5340078695896571,0.5399348942723559,0.5526259097252793,0.54867003527505,0.5503358310362232,0.5543913501175683,0.547136784196049,0.5553811727301262,0.5598564470648552,0.5602459870752554,0.5482815923452269,0.5526199674992736,0.5598767724879286,0.556344434336935,0.5580997603321594,0.5786614317019723,0.5598421999187794,0.5586428780345131,0.5835809673839104,0.5688357948556405,0.5671310565898163,0.5690150024440072,0.5663967714745473,0.575938845766195,0.5902593605070247,0.5779079308491073,0.5815417895189131,0.5951011518581574,0.5879417360656248,0.5936479667557139,0.6068476977567887,0.6026380222731222,0.6021790106717287,0.6019268069826715,0.6175231268465152,0.5873846353828155,0.5936155538769746,0.5869209990996098,0.5735879614009043,0.5782132011049533,0.5616709493714841,0.5636128024426179,0.5466366409995641,0.5464073252149264,0.5623574945871894,0.5618199022236241,0.562185419710992,0.5725350638476031,0.5826727554713079,0.5809064353368151,0.5854238605959432,0.5980521936459909,0.5918160297598918,0.580964153275649,0.6241120357215344,0.626204238921002,0.6055202150594874,0.6064635172170516,0.6043301083913176,0.6266230100485493,0.6234663014324031,0.6176016469377251,0.6094464195022854,0.6123513743581294,0.6238117870722434,0.6310115550965076,0.6476466036402785,0.6363352637236883,0.6610382611819651,0.642327143859131,0.6453209472321632,0.6531487619418991,0.6230966501041834,0.6728221265319642,0.6094442550289806,0.6315743145108049,0.6413755458515283,0.6197568102554435,0.6169227017800536,0.6055580682446354,0.6245753410338158,0.6821613459879207,0.6427661107109215,0.6609575262946146,0.6544974180377087,0.6670389674857284,0.6641305048681411,0.6329540098309878,0.6727082607180203,0.6573690709668047,0.6552982351627076,0.6236925699232975,0.6057179777095785,0.6200770906653259,0.6413015408453129,0.6818801709246295,0.615254555701672,0.6947181710681908,0.6095732986909164,0.6567195544814542,0.6543075245365322,0.6345758060827807,0.6370564420100023,0.6406269436497076,0.6550504388837941,0.6287588846364134,0.7409559784977481,0.730260155180283,0.6891634980988594,0.6550218340611353,0.6278339727938611,0.6096451319381255,0.6749049429657794,0.6933438985736926,0.7154707590211531,0.7424144609425436,0.8143685854529228,0.6511627906976745,0.697503671071953,0.7526342197691922,0.759594882729211,0.6642679213949626,0.6417736289381564,0.6164828033744322,0.6132879045996592,0.599250936329588,0.7151370679380215,0.7685916078105526,0.7921267402784447
280,549,0.5078636959370905,0.6853582554517134,0.6690028671551449,0.5415162454873647,0.682261208576998,0.5433045701502077,0.5937098844672657,0.5685407454200885,0.33467202141900937,0.4412089124200309,0.3729445668757416,0.24275029523684558,0.22435897435897437,0.19527782709036037,0.169857936998147,0.191859668356859,0.1588785046728972,0.14574759945130314,0.14256296530967846,0.13294015276032098,0.11168192986374804,0.11279737489745692,0.118456678700361,0.11683057822417521,0.11856694225469461,0.09798099762470308,0.10592925041117274,0.08950194798357376,0.10438932246358802,0.1003664542632402,0.09655937846836848,0.093238117437647,0.09609743268121952,0.10305108251791356,0.09657529158309189,0.09804271097008806,0.09191334375590564,0.09114322028229313,0.08650798784037254,0.08698786871884893,0.09251395292404756,0.09033357324363626,0.07870665815783875,0.08530662227053207,0.07883509552958634,0.08294753086419752,0.07752322595849716,0.0865125170907595,0.08787346221441125,0.08619907449414754,0.08766029705262926,0.08837159176635413,0.08608760866580051,0.09198149976614874,0.0928104840345681,0.09046085331424708,0.09616879079888094,0.09672640111730789,0.10634559544286004,0.10217705239639246,0.104646671517242,0.12441886207659951,0.12527061945666598,0.13113429011204458,0.13472649254992058,0.13573686911324095,0.14253299147259516,0.14790030064979148,0.15031101587859988,0.15506316659451375,0.15357220615221923,0.16170590169198656,0.1561770859990065,0.16319793948724023,0.16397734131283676,0.16888742272772908,0.16878834083897734,0.16742556917688267,0.16845477265509576,0.16293832105638345,0.16705568522840947,0.1617434238528986,0.16216670220120302,0.1590684948939013,0.15339062431241396,0.15907339745979668,0.14519981090257186,0.14550989345509893,0.13770211844787464,0.1334954349328947,0.13685216426978752,0.13242937588261836,0.13788077539717242,0.1302673970945718,0.12672176308539945,0.1275643028220348,0.126387229695805,0.12543458214246847,0.1219264377159114,0.11951835221053102,0.11746215567871619,0.11797423727328964,0.11883282184343504,0.11615977940497968,0.1143681026819591,0.11421112742698646,0.10868912180281935,0.10608106999710191,0.11051946906557304,0.10540104685530612,0.10347180943574841,0.10555540284229913,0.10065563671565608,0.10499049298685552,0.11012243185657036,0.0995041377137266,0.100293378970062,0.10044082361475365,0.09756372659598465,0.09435726550944423,0.09307265376972798,0.08966015078946765,0.0834244289741672,0.08265221783451189,0.08396111152930821,0.08755344832601297,0.08543244671481416,0.08392434988179669,0.08539176073645187,0.07765790941309811,0.07896552141448125,0.0758683561652217,0.07111803738953514,0.07426036056837257,0.07613989604701796,0.0755095306987487,0.0734433818292807,0.0757687167912428,0.07462829981999526,0.07782679179234132,0.08435478324065122,0.08350470901064931,0.09450671460293963,0.10477843032568072,0.12218930927696242,0.12980922800888955,0.15710354458454842,0.17883827761788798,0.19650822681866095,0.23114645833040595,0.23827846456887483,0.2615308080449151,0.2814158534497518,0.30236867431805453,0.3186761570979514,0.3356097703799673,0.3567199526346951,0.3777246939384891,0.386139735024346,0.40658165992211953,0.40086363671539454,0.4252333884634378,0.4205626069311264,0.43676032525561553,0.43877160247374297,0.4605485388500293,0.4701630512076163,0.4646242383209208,0.4811996418979409,0.49335481272654047,0.5026719808403782,0.49910243159440787,0.5035088851796863,0.4987682998791716,0.5124416054914672,0.5110261288193501,0.514546009070964,0.5161290322580645,0.5244985368718421,0.5126890540886953,0.518032103397957,0.5244662722144015,0.5144154712067239,0.5298346042080885,0.5197355283885425,0.5327827349138659,0.5335783418553689,0.5406973371236294,0.5293945598128108,0.5334574487128997,0.5349116153967312,0.5498705461718654,0.530788223645456,0.5165896145692319,0.5419060957891016,0.5365375984332286,0.5481990776108423,0.563762167928526,0.565192717679719,0.5653285923707931,0.5624033369264657,0.5698543880362062,0.5805228654924572,0.5870248368932349,0.5971178045300802,0.5795837974847032,0.5613869751722345,0.5574895727281683,0.557741688064828,0.5676833794453067,0.5336032805449273,0.5408361691784151,0.5538494310617222,0.5384643324131919,0.5445424537978106,0.5422390833668641,0.5608342532723546,0.5439194674460139,0.5526481055055474,0.5438997070480786,0.5576701779233425,0.5522650872418761,0.5685041603630862,0.5821537272331997,0.5871446229913473,0.6025471889587984,0.5988647607144717,0.5868888238268878,0.5874691341274795,0.5960136390097857,0.5941628090775658,0.5906522855675398,0.5961571453079431,0.6038033970994865,0.6054864486366257,0.5955917300380228,0.6100316312697696,0.6392356087878074,0.6415369143808302,0.6251122687264236,0.5924914171804053,0.6338993375466382,0.6102554104113863,0.6331142811347973,0.6293474660483603,0.6030514831230822,0.5919633818934026,0.5936135371179039,0.6056178716184372,0.6217995610826628,0.5804311774461028,0.6219620550880677,0.6444132873166523,0.5956668698398626,0.6034829587907351,0.6214723189624115,0.6267063787540332,0.6609065703784899,0.6497878930711737,0.6239107703032416,0.6355778310452532,0.6031722391838559,0.6779267064383668,0.6743660151833307,0.6116976705211999,0.6413015408453129,0.6136921538321666,0.6387375540108962,0.6208119826566811,0.6095732986909164,0.6514657980456026,0.6270447110141767,0.6517265035444775,0.6132412479161705,0.6219679064560268,0.6222979169396043,0.6629305631492619,0.6610489612087752,0.707439525330899,0.6653992395437263,0.705408128988915,0.6888733868154865,0.646041856232939,0.7509505703422052,0.7131537242472267,0.7051016175860639,0.6563374219926835,0.6693440428380187,0.6046511627906976,0.7097405775819873,0.6397390868038133,0.6529850746268656,0.8164959867146415,0.7584597432905484,0.7787151200519143,0.766609880749574,0.8052434456928839,0.7548669050456892,0.7478188616535106,0.7681228996639463
279,549,0.6880733944954128,0.5607476635514018,0.5734310289901242,0.6892024942566459,0.6660168940870695,0.6711409395973155,0.689987163029525,0.7422615287428932,0.40160642570281124,0.43017868960953015,0.3983726055263604,0.24275029523684558,0.18696581196581197,0.2485354162968223,0.169857936998147,0.1507468822803892,0.16510903426791276,0.15432098765432098,0.12936269074396747,0.12568887170066712,0.14965378601742238,0.13535684987694832,0.118456678700361,0.12554927809165098,0.12497596616035378,0.09946555819477435,0.10035402670532155,0.10134779404022323,0.10438932246358802,0.0991994024694816,0.09433962264150944,0.093238117437647,0.09609743268121952,0.09534632868479853,0.10214694302057796,0.09447752148026667,0.09277234696857765,0.08612616228510268,0.09459284651704288,0.09012256669069936,0.09023901965542344,0.09400566971695481,0.08650641707438134,0.08461866563931811,0.08016005511831889,0.08551954732510288,0.08434526984284492,0.08227763863177126,0.08670181605155243,0.08790037201705835,0.0898655875445193,0.08406078241189784,0.08450317415047902,0.08418645741308528,0.09128900068973912,0.0864845520696648,0.08839757538078954,0.08917702346912776,0.09987238528546856,0.09581936913617249,0.10868881762735005,0.11113570954173124,0.11872337453732802,0.12210537177646118,0.12670203061121058,0.12621873499859296,0.137208483170458,0.14507160637506872,0.14551385579736795,0.14994686921956787,0.15434978694286336,0.15750078368108383,0.15805873763754874,0.15357629226123515,0.15343334375613552,0.16386741440885816,0.15815042019786532,0.16427320490367775,0.16155088852988692,0.16158050171424693,0.16038679559853283,0.1601063446641041,0.1563519598911997,0.15016065917984284,0.15590522471097812,0.14975269057738672,0.14550678724697474,0.1400304414003044,0.13920541668420514,0.13021764523588167,0.1303634840673407,0.12979250777876092,0.12622066754117475,0.12328878653593403,0.1264317819341743,0.12062202783852269,0.12234745523064226,0.12199801824815427,0.12361986046196573,0.11225789156222774,0.11939228499738054,0.11660562663206818,0.11801516481240222,0.11208875909873038,0.11491013160462242,0.11774623375210747,0.10978147478576226,0.10662787963626223,0.10776337258014729,0.10760263530136994,0.09934394469762015,0.09895819016465543,0.10148068291824343,0.09975474661743228,0.10515450259988299,0.10088613962641724,0.0994599159869313,0.09792980302438481,0.09587187006541845,0.09237377944768414,0.0999246282803828,0.08822788001008318,0.08658880386629078,0.08580907337680228,0.08714584334593715,0.0811541929666366,0.08367095296811697,0.08037825059101655,0.07884605085421514,0.07825758438926102,0.07563747261923491,0.07372691062830011,0.07761142341205791,0.07519641553352013,0.07771303439509684,0.07424046295591258,0.07821243259741581,0.07257172452157011,0.07270654102634731,0.07718092630028871,0.08338145881864371,0.08808928127005751,0.09748070212540975,0.11045114789108382,0.12050626093981419,0.14374163206219967,0.15607672403170822,0.18956165596634933,0.20453609398887268,0.2241207301136763,0.24604457748815667,0.26686091962191744,0.2921160760143811,0.3109872588591867,0.3342125230335658,0.3473213436102388,0.36893132030787446,0.38593610032845627,0.3955761899369645,0.3997098572192105,0.41556712918178934,0.42797682967933093,0.4364779373731747,0.44038322196280494,0.44121601251537945,0.4556052629410844,0.4726728183848812,0.47351049424509145,0.4850733420563322,0.4845996252779772,0.49641650730103126,0.5077154617490798,0.5187248130285229,0.5123497841012336,0.5338926494422728,0.5217028380634391,0.528319707210531,0.5186296574143536,0.510829173459159,0.5244809023327351,0.5393996247654784,0.5329339415942504,0.5370153140840068,0.5254648342764754,0.527501053892747,0.5429095450811833,0.5347196859021184,0.541857631838487,0.5422638198303598,0.5292804888236488,0.5343058264778221,0.5289113549500678,0.5326682291601389,0.5549028121887053,0.5412516198280037,0.5487779999183974,0.5474917239623122,0.5489458166032033,0.5751621957391985,0.5762452824303671,0.5772445360953586,0.5785123966942148,0.5781533844088145,0.5790489559571855,0.5987208053476107,0.587655995221259,0.5678863902248797,0.5632368879109331,0.5477373528529029,0.5794925433565018,0.5464715268603194,0.5356274741301479,0.5360978467328209,0.5393723667005667,0.5417451466721369,0.5633155141691096,0.5490064658571203,0.5611706445851599,0.5620682436675738,0.5557470273996209,0.5654155970611667,0.5488348693086967,0.5791414523449319,0.5785303637856901,0.5698393077873919,0.5797138217982545,0.6014685205436651,0.5855580101674164,0.5888258757767346,0.5960136390097857,0.589928869820481,0.603492552645095,0.5990164121919139,0.6052141527001862,0.6178433149353324,0.626782319391635,0.6164869924472275,0.6089560273189113,0.6207303117522627,0.6071492724986527,0.6127948613828491,0.6453209472321632,0.5985572236303374,0.6050649142490784,0.6024345809870818,0.6328844186839414,0.6227718850402711,0.6209061135371179,0.6009048920727684,0.631553279687881,0.6055580682446354,0.6245753410338158,0.6012726488352028,0.5651908904527069,0.6207253290418989,0.6094631920259398,0.6173988582774882,0.6544587013991876,0.6632549996633224,0.655280585569885,0.6610009442870634,0.6068955246109167,0.6391880374990315,0.6703278953319335,0.6200770906653259,0.6456055780321942,0.6136921538321666,0.6669171519819651,0.6257390618841151,0.6045767962426302,0.6199432594304928,0.6652126499454744,0.6117082094671851,0.6311026434865444,0.6344072645851474,0.6222979169396043,0.6697648988518317,0.6973703327037629,0.7378670317967442,0.6812420785804817,0.6466241182398388,0.6975933031042901,0.7006369426751592,0.6844106463878327,0.6537242472266245,0.7465781833264206,0.688616311598881,0.7251227130745203,0.6744186046511628,0.697503671071953,0.5895634721525339,0.6263326226012793,0.6365900913368392,0.6709451575262544,0.6975989617131733,0.5792163543441227,0.6741573033707865,0.7548669050456892,0.7270461154964686,0.8401344215074412
278,549,0.7208387942332897,0.5763239875389408,0.6371455877668047,0.6892024942566459,0.5360623781676414,0.5273250239693192,0.7381258023106547,0.5211623499684144,0.4685408299866131,0.4632693580410324,0.44922868282759787,0.26899357039758565,0.23504273504273507,0.230782886561335,0.150555898702903,0.15759901329313417,0.16199376947040497,0.15146319158664837,0.13464280057025188,0.11843759064101324,0.11168192986374804,0.12100082034454471,0.11657641395908543,0.1098556183301946,0.11215791834903543,0.09649643705463183,0.12265492152872634,0.09739917868800674,0.11681662275687231,0.09453119529444716,0.0932297447280799,0.09005954525227268,0.10216674421898075,0.1011248940596348,0.08728920585394843,0.08823843987307925,0.09191334375590564,0.08612616228510268,0.09055041717870771,0.08698786871884893,0.09478888619267167,0.08739589606498142,0.08367014110472949,0.08943436205781588,0.08280997429578398,0.08166152263374485,0.08496545565051289,0.08409258654276622,0.08318687756297598,0.08166228109971872,0.08104442557695912,0.08675503825843302,0.08450317415047902,0.0914618302759445,0.08875319511502414,0.09145492862539266,0.09568308983525023,0.0976700733233304,0.10218424605596552,0.10808061542373959,0.1140783457741608,0.1173345140580031,0.11915985753195056,0.129414496143362,0.13557117275399533,0.14277201171971993,0.14253299147259516,0.15072899492451428,0.15111054255880518,0.15624385060411664,0.16057043326801654,0.1628527520585964,0.16182204091463323,0.15912724258393038,0.1621594106996124,0.1663774185682936,0.16736995142016242,0.17162872154115585,0.1663836074175331,0.17142469194473675,0.1693897965988663,0.1610885921773808,0.16152061972231374,0.1597047688734769,0.1555908996611576,0.15285959287152337,0.15164631413503277,0.14794520547945206,0.1467219078658577,0.13885909080073422,0.13360782416856412,0.13242937588261836,0.13117621337997376,0.1282319690149691,0.12962157459765114,0.12669651844909577,0.12811856160944615,0.12342991987078519,0.12446657183499289,0.12482407345352188,0.12297681087490005,0.12208006919695402,0.12046813590550065,0.1194165956499791,0.11382607375929579,0.11774623375210747,0.11360471022606244,0.1129161904866059,0.11382678484808395,0.1109050179704657,0.10815005613896043,0.10583028670386761,0.1058809293320426,0.10223483700294855,0.10460251046025106,0.10503214536448918,0.10307158891383104,0.10127783047820993,0.09643582224227386,0.09209042429600413,0.09221615695589613,0.09510277975112863,0.0911915309821069,0.08867894205161171,0.0891724908656101,0.08493557113354082,0.08895543420820856,0.08362884160756501,0.08033371219108712,0.08005660931774979,0.07715022207161962,0.07678611853818809,0.07822984112848864,0.07488439721180427,0.07488138536855485,0.07677859844158481,0.07821243259741581,0.07417022065640645,0.0781515242750165,0.08428544671286758,0.08500366618865624,0.08808928127005751,0.09582848683514858,0.10911639081687133,0.11949643193752524,0.14204255839716184,0.16702947659533687,0.18610250166039405,0.2059322448010834,0.2279848806328776,0.25698773660169016,0.2743230758297207,0.29568281686925757,0.30883261272390367,0.3352964555407017,0.35134719690814464,0.3789224393132031,0.3822036428784712,0.3989733137055071,0.3993280904023822,0.41827566726770415,0.4307202708952241,0.44045676998368677,0.44239594235568797,0.4514010543555313,0.45931271987279304,0.4617971606167335,0.4654705484089371,0.47560429722470904,0.49466809084382496,0.5026719808403782,0.5036356053600246,0.5141139258016026,0.5128181111433736,0.5176851940127752,0.5270411926854836,0.5194651869779523,0.5251312828207052,0.5219671732769008,0.5142271212509613,0.5284552845528455,0.533463170930491,0.5273296671365999,0.5276497192422819,0.5269463734995896,0.5254689275708033,0.537573046018992,0.5314149794047688,0.5451886516525299,0.5436014941582232,0.5433926602614585,0.5319935889532733,0.5370549086943989,0.5421317463155475,0.5464874275167872,0.5453778883947393,0.5481990776108423,0.5452417287718727,0.5713277811009371,0.5793643367331025,0.5702144943837778,0.5855962219598583,0.589210962799147,0.5894176011740497,0.5834922975810717,0.58200545680567,0.5735733783959444,0.5533843475976222,0.5435688798479341,0.5651528443214792,0.5593397731757116,0.5469129800680602,0.5289972130012603,0.5339241609763185,0.5408127109635791,0.5422390833668641,0.5352073805393471,0.5449342425718461,0.5390412392715094,0.5557470273996209,0.5499247587855183,0.5842804546182168,0.5803233736762481,0.5833615150490361,0.5735475896168108,0.6000101481631824,0.5832422017393115,0.5962045194431876,0.5956095840230103,0.5835389349374879,0.5998080614203455,0.5920789819094904,0.6218905472636815,0.6023926414987867,0.6137243595024302,0.6178707224334601,0.6068039506810406,0.6274602159943478,0.6085931268855983,0.6071492724986527,0.6404813762043634,0.6072489149470798,0.6161045038019107,0.6110754928674467,0.6210665783371977,0.594527787248551,0.6029664187315699,0.6072598253275109,0.598548402299934,0.6217995610826628,0.6281722699633147,0.6062823394135786,0.606665228645384,0.6039785005818141,0.6350939709178688,0.6394860093671191,0.6236038719285183,0.6673544393577923,0.6396875631270622,0.655280585569885,0.6319459577249946,0.670191376870951,0.6353141706050981,0.6985947342917138,0.661974191385956,0.6326934664715503,0.6546049640876443,0.6622205523201202,0.6799369333858888,0.5646047766563406,0.6409582851738993,0.6324972737186477,0.6688772010061743,0.6846868301976661,0.6592859808433885,0.5829948906065767,0.6492618917441225,0.6610489612087752,0.6465845123992089,0.697084917617237,0.7306012764528048,0.5755144750610394,0.6642402183803457,0.7034220532319392,0.6438193343898574,0.6221484861053505,0.5379814934366258,0.680499776885319,0.6511627906976745,0.7097405775819873,0.7275464124435524,0.7329424307036246,0.7888181566565181,0.6126021003500584,0.6489292667099286,0.7325383304940375,0.6179775280898877,0.7350019864918553,0.5816368923971749,0.672107537205953
239,549,0.6553079947575361,0.6074766355140186,0.5575023892959541,0.6399737446668855,0.6335282651072125,0.5752636625119847,0.6578947368421053,0.6001263423878711,0.45515394912985274,0.485329803662034,0.3390405153415833,0.2558719328172156,0.26175213675213677,0.22634475412746316,0.1814391599752934,0.18500753734411401,0.14018691588785046,0.16575217192501143,0.17424362426738477,0.1595281833123852,0.12731740004467276,0.12100082034454471,0.1259777376654633,0.14473041780009765,0.15061206178299044,0.1187648456057007,0.12126111560226353,0.1118774349794672,0.11308843266888702,0.12137338655089512,0.12985571587125416,0.11336907461168443,0.11936312690930424,0.11749749595500425,0.11421885446846444,0.10962957681200755,0.11424742728537804,0.11455615760251521,0.11884742254705387,0.11755117394439046,0.12208808541616112,0.11236615208354755,0.11274196979366093,0.10732123446937905,0.1079842064817023,0.1099537037037037,0.11101325957256794,0.10950185729669558,0.11072056239015818,0.10548044642047001,0.11191849246341974,0.11854725724754824,0.11407928510314669,0.11692563529595178,0.12121150647137582,0.1292297904489244,0.13211066210755362,0.133529617152186,0.14426011207901013,0.14713495545080515,0.15045766076513334,0.16205446092539297,0.16586353795656122,0.17369919083693772,0.17696050275365746,0.19077651421098807,0.20396962572802413,0.20124139268742122,0.20188048675184292,0.2089810696997127,0.20955802307859786,0.2071976329008433,0.2111213138444401,0.22092782284327078,0.22796849889833404,0.22769323446307424,0.21382220488635156,0.21856392294220667,0.22679259351311046,0.2196272785905835,0.21907302434144715,0.22002344297398355,0.21094592935734177,0.2086978653007985,0.2124837336786718,0.20971590485422414,0.20475322171673452,0.20182648401826483,0.19783404790109502,0.19994517151779542,0.19259582600898978,0.19571421037519704,0.19210027692756157,0.18696860788350372,0.18732782369146006,0.17992062665602185,0.1786157424239801,0.17526475861002444,0.17724491408701937,0.17285481312691287,0.1759175007582651,0.16916027525497215,0.17143542417321248,0.1720684582774699,0.16992606725494872,0.1645184097460162,0.16221441796702185,0.1602152242739735,0.15930237685760903,0.16099115511841794,0.15438214120599694,0.15091124000109954,0.151533485875209,0.15707239108269724,0.15455779909694087,0.14704500351028485,0.1533571888960505,0.14954522627085542,0.14606361380554927,0.1405441552332863,0.1296165178265537,0.12804500767697138,0.1257119843507278,0.12225640554688218,0.12015124580918245,0.12042235085371884,0.12506605601550116,0.11731678486997636,0.11335979386964516,0.11303873300671037,0.11073325991455991,0.10340122735421345,0.10667705608430271,0.10296604616623088,0.10099548194666431,0.1037462879768522,0.09983212941296164,0.09974615881378798,0.10441556112153844,0.11076593188702522,0.11290563295287163,0.12280104266271957,0.13845564132388707,0.15416444207154298,0.17974956240743234,0.20083050720747048,0.2300078038362016,0.25390192605711753,0.2750417100055148,0.29824216280017424,0.32617674260983753,0.3443252078743515,0.359527478171546,0.38137236594509966,0.4035842034902627,0.4201526896359896,0.42813795145056244,0.4441624365482234,0.4586117087532555,0.4600290142780789,0.470511758924633,0.4742234101758154,0.47865356304460266,0.48104017389904197,0.49295602506335096,0.48773655634922597,0.4990253737461622,0.5107481381178064,0.5182149989670133,0.5327531562450751,0.5402048220764598,0.5403543128615206,0.5422403378858159,0.5582458342309601,0.5553436933930784,0.5527623558644252,0.5686569660478341,0.5676419104776194,0.5563937181681028,0.5736990515252499,0.576923076923077,0.5615123257512411,0.5746817188794783,0.5664314273853481,0.5752035677042888,0.5626005648509671,0.5752373995617239,0.5604223472762081,0.571512138052062,0.5728402133829795,0.5827689399905497,0.5917889286154605,0.559614974870593,0.5638425582999157,0.5798657015327827,0.5684986467556136,0.5623461505814447,0.5896907827478406,0.5974018006411141,0.6121144069118243,0.6022402399587571,0.6060606060606061,0.6318616223047153,0.6308921820415065,0.6283763204719234,0.6062220500153372,0.6020083192512673,0.5911524187986469,0.5910894721045786,0.5828665901882718,0.5610555393510972,0.5573303701645947,0.5662755400919531,0.5657053610344327,0.5753128321802211,0.5738537295702324,0.5657624980287022,0.5845104724792985,0.5809085199916265,0.5837497845941754,0.5864388775781181,0.5968579203732077,0.5921425869894099,0.6256340886033142,0.6081582200247219,0.6253805561193424,0.6314117585793886,0.6294748609299726,0.6241011586573685,0.6278934383056579,0.6393248278198036,0.6562803172972664,0.6476239492194201,0.6249647311099825,0.6027404783480242,0.6356939163498099,0.6068039506810406,0.6644685933452208,0.6346013801713077,0.6502604634453026,0.6534017497877368,0.6757785730602299,0.6375511795671671,0.6471389645776566,0.6583305730374296,0.6137061029662462,0.66018221029004,0.6277292576419213,0.6221133000282778,0.6169227017800536,0.6130961354841952,0.6141221972508232,0.652502157031924,0.6649304593561257,0.6609575262946146,0.6394860093671191,0.6763464879622735,0.6286672254819782,0.6531546697192109,0.6657371906587661,0.6174184644439602,0.692531089433316,0.6469357712868986,0.6864803747375222,0.632646220881515,0.6757338383403633,0.7000636421492863,0.6763103513056548,0.635593220338983,0.6545418207254922,0.5989282336870863,0.6434023991275899,0.6688772010061743,0.6549178375803762,0.6841646971016295,0.6550504388837941,0.683433570256971,0.6828417841057679,0.707439525330899,0.7604562737642586,0.6886126973463218,0.653993721660272,0.6551410373066424,0.6939163498098859,0.6537242472266245,0.7154707590211531,0.6132989025177534,0.6581883087907184,0.686046511627907,0.7831620166421929,0.8028098344204717,0.6929637526652451,0.7196235815112094,0.7730455075845974,0.6975989617131733,0.6303236797274275,0.7303370786516854,0.7350019864918553,0.6231823847112589,0.5520883341334614
239,550,0.7208387942332897,0.5763239875389408,0.6052883083784645,0.4594683295044306,0.5847953216374269,0.5912432086928732,0.6097560975609756,0.5527479469361971,0.5087014725568942,0.39708802117802783,0.3390405153415833,0.27555438918777064,0.22970085470085472,0.19083969465648856,0.19302038295243976,0.16102507879950664,0.14953271028037382,0.14860539551897575,0.13728285548339406,0.13052305907376968,0.14071923162832253,0.14150943396226415,0.11657641395908543,0.12031805817116552,0.13458950201884254,0.12470308788598575,0.11150447411702394,0.1158260503316837,0.10438932246358802,0.10503466143827463,0.10210876803551609,0.11125002648810153,0.09812053652713994,0.09919870560135605,0.10121833444766361,0.0989340083425434,0.10393938873331385,0.1053582179409994,0.10429467692904727,0.09795931162032538,0.10313030817762679,0.10428753984224674,0.09926965893781466,0.09149823195145779,0.09672204997747569,0.09709362139917695,0.09798935761154041,0.09498227400873595,0.10017574692442882,0.09867525632882679,0.09703278164316195,0.10723138269210045,0.10932598155718223,0.10289455906043757,0.11056112305757293,0.1078571712592946,0.11316832452595585,0.12267738678292707,0.12715234237733267,0.13578194962898377,0.13743296774367406,0.14700022138587557,0.1510231161393952,0.1655301694856956,0.17020306112105954,0.1729817417357766,0.17898539446414968,0.18992661558853005,0.18748900650814718,0.18615451218072335,0.1959503592423253,0.20108109761225754,0.19268112778672608,0.19909408490733616,0.1974272645961649,0.2029517648914961,0.20779404985638808,0.20245183887915938,0.20711652375626527,0.2026545368138769,0.20806935645215072,0.20103332438396712,0.19705515606122279,0.19660865968886201,0.19833910643674837,0.19262794223647256,0.1854137120193518,0.18356164383561643,0.18550700236318482,0.17789458628334406,0.1743095454384578,0.17139642675073394,0.17023757469756595,0.1680682042871931,0.16093953892996954,0.16285420065488795,0.16361086583909001,0.1586546997875058,0.15946397525344894,0.16363961307329714,0.15716767309123997,0.1552004467145133,0.15644504527094427,0.15442737028372297,0.153123170652386,0.1506499157013107,0.14883309392597124,0.14490455437748456,0.14138774970234158,0.14090166054808545,0.14007221011381898,0.13826658236894912,0.14603317785796005,0.13668053680178566,0.13799803490798293,0.1379237908865266,0.13363189829529037,0.13168907985045478,0.1285810963230318,0.12552633219424564,0.12276454331589887,0.1180191122212801,0.11736954145331109,0.10647212783543025,0.1079913606911447,0.11053259257104628,0.10392813105513476,0.10667848699763594,0.09937577730304852,0.10224458343577782,0.09500066560975906,0.09299992046059434,0.095236328330334,0.09360549651475535,0.08809574749241747,0.09295921216274525,0.08902228100518872,0.09527036963624622,0.0925647152273761,0.09655689106186746,0.10706568642082655,0.11657912316780845,0.12292481759543196,0.14248531767218364,0.16460212737309815,0.18146106742603932,0.215632316096439,0.23660615452734116,0.26840999364751383,0.2785701237933312,0.3117035321693577,0.3251368061971431,0.337413684871312,0.36485341224126294,0.38443472919752864,0.40404927644436633,0.42369745411486087,0.4299790982382801,0.4389838825350092,0.43368710391692755,0.4492303882495879,0.46442540583333985,0.47745991326144904,0.4741969245632397,0.4729933430566533,0.4848529787356748,0.49191436674391176,0.5031313473256601,0.5100371875215205,0.5222469313067992,0.5227788600739933,0.5335545522130954,0.5560729995665765,0.550284274514579,0.5415196872914482,0.5420856466203362,0.5538994323268696,0.5581395348837209,0.5462682637883375,0.5444757754421943,0.5519074421513446,0.5398139229653778,0.5676865294174621,0.5631540999366383,0.5602271970890373,0.5704769727588807,0.5632532870708546,0.5639032314207809,0.5650775080432875,0.5728402133829795,0.571864739450186,0.559733694982123,0.5727750134733729,0.5657582181808893,0.5674306582719216,0.5793790036313191,0.5623461505814447,0.5800601543863808,0.5720946640285894,0.6011977168522503,0.6006780084672947,0.5958284140102322,0.604217676328884,0.6077621273269633,0.5971178045300802,0.6005715115997482,0.5849473547380735,0.5706262931459161,0.5985927235135226,0.5727444496929618,0.5764974349295677,0.569483991943885,0.5431984804643815,0.5702455324713062,0.5557316823005054,0.5652315533329502,0.5480208169058508,0.5774070465984737,0.5756751099016119,0.6063673961743925,0.5786934584402939,0.589997484506849,0.605143721633888,0.5978549688390743,0.5982694684796045,0.6012786685609904,0.6092798000312452,0.6001969604216018,0.6268146419558788,0.6722479416738281,0.6252116969628543,0.630599783142156,0.6304683479155945,0.5953388634952881,0.6027404783480242,0.6356939163498099,0.63908075656833,0.6257780170238535,0.6224641953046434,0.6556493623136339,0.6367898408948282,0.6681641666032132,0.6434002729576915,0.63511780734092,0.650049685326267,0.6414081145584726,0.6139694555697373,0.632278020378457,0.6315392591196154,0.6291148500365764,0.6130961354841952,0.6245753410338158,0.606665228645384,0.6012079570011636,0.609230415541123,0.6334814458988832,0.6267063787540332,0.6866980462956993,0.6666217763113595,0.651795050540258,0.664632817607322,0.6627448060168293,0.627566436817231,0.6259085769665644,0.6745433216021451,0.6714298011534819,0.6546049640876443,0.6622205523201202,0.635593220338983,0.7144998501049266,0.588420720815383,0.6434023991275899,0.617425108621084,0.7144558228149559,0.6592859808433885,0.6353989257172803,0.683433570256971,0.5738776696208049,0.623763882549825,0.6574778200253486,0.6970104131676185,0.6888733868154865,0.718835304822566,0.6083650190114068,0.6834389857369255,0.7465781833264206,0.6778566817301485,0.6247211066488175,0.5116279069767442,0.7097405775819873,0.7651781234320121,0.6396588486140724,0.6227511763077774,0.5250875145857643,0.6327060350421804,0.6473594548551959,0.7490636704119851,0.6158124751688517,0.5608641462401329,0.600096015362458
277,550,0.7863695937090432,0.6853582554517134,0.6212169480726346,0.6235641614702987,0.6172839506172839,0.6072227548737616,0.6578947368421053,0.5685407454200885,0.45515394912985274,0.4412089124200309,0.3390405153415833,0.24275029523684558,0.24572649572649574,0.22190662169359135,0.19688079061148855,0.19871179936960395,0.13395638629283488,0.14288980338363053,0.13728285548339406,0.14744271487962873,0.1317846772392227,0.12305168170631665,0.11657641395908543,0.12031805817116552,0.10574889444337628,0.10243467933491686,0.08780977336715635,0.10134779404022323,0.08574837202366159,0.09336414350068856,0.09100998890122086,0.09641668962302133,0.09306277691233891,0.08860466908082287,0.08171755441646236,0.09269492673535598,0.09449035339392169,0.1053582179409994,0.08974193131104068,0.08620419422588634,0.09099733074496481,0.09033357324363626,0.0872154860667943,0.07705114269596446,0.08612237326761533,0.08359053497942387,0.08248471241984098,0.08106767335777464,0.08845928529584066,0.08166228109971872,0.08269839344587666,0.08621618708912598,0.09031276737332446,0.08730447435431066,0.08824603400008114,0.08847270269195594,0.09276888405346596,0.09342354839622909,0.09663578020677281,0.10535589402650246,0.10958707231848519,0.11246402479521807,0.12003282352119561,0.13070434161987393,0.12670203061121058,0.14070285212957906,0.14417130171940662,0.15113309410661754,0.14711290915777858,0.15073399189263645,0.14968430219899848,0.1525310987591079,0.15956405894838255,0.15653679910000592,0.16034148008638804,0.15741311799888125,0.16488776993723628,0.16567425569176883,0.17018074368639796,0.1612410468787128,0.1630543514504835,0.1679643247703178,0.15893628980675673,0.15334202907772085,0.1449038479672599,0.14882061988914574,0.14642771628018345,0.1400304414003044,0.14251267280413227,0.13170754964361486,0.13921168434340456,0.13535922933134886,0.13030170529077395,0.12561499005547996,0.12150210236334638,0.12640725699144945,0.12321312118746285,0.123143539546259,0.11261261261261261,0.11951835221053102,0.1169106901590978,0.1193428479145111,0.1171975077813694,0.11290296315998025,0.1162652039112807,0.10958829607875128,0.10950838654002654,0.10936192783206383,0.10610971468889183,0.1015482670746944,0.10264623648812275,0.10115726105720332,0.10423083692686791,0.10333709939651134,0.10211854583190735,0.09895133694865034,0.10112684195319271,0.09765080073656604,0.09530791788856305,0.09237377944768414,0.09421464952150378,0.09309760065999037,0.08428744030838273,0.0846611259068785,0.08193446400963526,0.0811541929666366,0.08073513005695497,0.0797872340425532,0.07527566364572238,0.08155579675815708,0.07382217327637328,0.07953940565708727,0.07235487282239662,0.07270026895979331,0.07236436401162863,0.07582679763445772,0.07121782480415098,0.0767278144721446,0.07687035174591787,0.07847265728439395,0.08111036850062618,0.08710687292875575,0.09120228402241726,0.10044046983449012,0.11848660293523629,0.1423823731301694,0.15504990347886805,0.18056785477086562,0.1958101514125556,0.22693102140036817,0.24922162368240833,0.2661502380783171,0.28533926839011586,0.30344599738569605,0.3179535354265275,0.34183154365854906,0.35597986974541146,0.36802030456852797,0.3906692333824029,0.3951286554172711,0.40744151492404485,0.41112426221027304,0.42493932280268965,0.43031961999838986,0.4416234141889855,0.442011254191486,0.4442287903758795,0.4637779282329046,0.47904758625439015,0.48941497837468695,0.49016103376168435,0.49547589258191443,0.4942871107258458,0.5137547652276537,0.5105348460291734,0.5100555188880693,0.5125783379081688,0.5206301575393848,0.518423264243983,0.5219174570622918,0.5211590577444236,0.5202324375244769,0.517644020189193,0.538027922829863,0.5319384970380068,0.5192803213574426,0.5273009495982469,0.5302546846899112,0.5311494589061129,0.5406179513801869,0.5312768818832766,0.5344593761558377,0.5332948976650331,0.5338305534979949,0.5471419034778853,0.5378976430426918,0.5425402484226014,0.552649904434534,0.5659596006073713,0.555191665886903,0.5616222211807346,0.5690672963400236,0.5599873627675539,0.5734658393019509,0.5874997996248977,0.5626321822379361,0.569511243988041,0.5574895727281683,0.5385667122419715,0.5533436804102841,0.5344611636326201,0.5408361691784151,0.5316599506505956,0.526659886677321,0.5268261753352106,0.5326588875476616,0.52929348683173,0.5418899171943498,0.5463680133975298,0.5385145614337412,0.5488182703372577,0.5579821171305084,0.5708680030257186,0.5821537272331997,0.5661310259579728,0.5733712198092145,0.5637140030203615,0.5935428921242448,0.5942528423737552,0.6057161866215729,0.5885175567347861,0.6177595160646009,0.6090238462858123,0.5840528186896902,0.5835186863278139,0.6178707224334601,0.5938932283261249,0.592134037613969,0.6085931268855983,0.612538171366984,0.6294067702757578,0.5939237036473006,0.6005069214271788,0.6230966501041834,0.5900132494203378,0.637146266621207,0.6161700629373706,0.6095342066957787,0.6079743613912716,0.6047305535235308,0.6055580682446354,0.627188626979564,0.6039689387402933,0.5928963262592121,0.6379676992930627,0.6154677554941757,0.6173988582774882,0.625443290992327,0.5992862433506162,0.6169397002439875,0.6319459577249946,0.6143420954650384,0.627566436817231,0.6582135357777419,0.5614211496564437,0.6326934664715503,0.6409673606691517,0.6716137516438099,0.6602286164761529,0.6545418207254922,0.6672270673531575,0.648854961832061,0.6402927052366797,0.6072874493927125,0.6095285483269063,0.6353989257172803,0.6219245489338436,0.6901060584047654,0.570515746234596,0.6178707224334601,0.705408128988915,0.6452738053714684,0.6915377616014559,0.6749049429657794,0.6438193343898574,0.6636250518457072,0.6348181622552185,0.6581883087907184,0.6162790697674418,0.6118453255017132,0.7024586051179127,0.6663113006396588,0.6089122612787157,0.6709451575262544,0.746268656716418,0.7325383304940375,0.6928838951310862,0.6952721493841875,0.5608641462401329,0.6961113778204513
280,550,0.6553079947575361,0.6230529595015576,0.6371455877668047,0.5907449950771251,0.5685510071474984,0.5912432086928732,0.5776636713735558,0.5527479469361971,0.34805890227576974,0.4412089124200309,0.3475165282251229,0.2821152079779557,0.19764957264957267,0.19083969465648856,0.20846201358863495,0.1507468822803892,0.14018691588785046,0.16289437585733882,0.1610433497016738,0.13052305907376968,0.11838284565557293,0.13125512715340443,0.11093561973525871,0.102880658436214,0.11215791834903543,0.11431116389548693,0.10174783263178434,0.09608297357060125,0.09693294228761744,0.08636183273813691,0.09433962264150944,0.10171430993197855,0.0910396730664185,0.08860466908082287,0.08821781442686279,0.09715141359763271,0.08847733090521757,0.09365174928088835,0.09055041717870771,0.08463684523996114,0.08720577529725794,0.0925368311276274,0.08508827908955542,0.08461866563931811,0.08148501470705144,0.08680555555555555,0.08558564145818087,0.08772248236475613,0.07850029291154072,0.08166228109971872,0.08049310295398662,0.08244422890397672,0.09136905705020544,0.08158810996206413,0.08672455065525216,0.08747862738081037,0.08936897730805098,0.09578272891128536,0.10079712959366734,0.10263117262926533,0.11048532700962031,0.11202125304405579,0.11523151058034779,0.12898454765119138,0.1254350103050985,0.1320123818509874,0.13679890560875513,0.14305111046455243,0.1451140924572653,0.14837262387343067,0.1465739790364219,0.14947283111481502,0.1539191040327558,0.150245722067618,0.14834313803910731,0.15813026204443423,0.16134179639019894,0.16427320490367775,0.15568258702345938,0.15988322753657624,0.16272090696898966,0.15388544374668492,0.15053721758119643,0.15143320713899405,0.1449038479672599,0.1500633808068004,0.14243702380294576,0.14063926940639268,0.13469552197521362,0.12991966435433502,0.12623432393851092,0.12451877157104602,0.12330564057717534,0.12212568477616106,0.12498187617804843,0.12438242678792508,0.11744201480865897,0.1179886937047877,0.1196685407211723,0.11951835221053102,0.11580775911986103,0.11578446024733531,0.11147390856413975,0.11453137128247996,0.10732172668733603,0.11121988361342253,0.10541206285399063,0.10362042662088047,0.10197556996075319,0.10209866418621036,0.10319661845320652,0.09868330630308694,0.0973554519053067,0.09947918101904157,0.10294653404135526,0.09756933503595969,0.09529260107127775,0.09430277328274092,0.09389803744642454,0.08925687277920401,0.09735513783888725,0.08765497169832939,0.08428744030838273,0.08293920470199284,0.08135542186115727,0.08086331772302859,0.08396453525923317,0.08156028368794327,0.07765592178471756,0.07495937202036497,0.07019157459065001,0.07372691062830011,0.07111803738953514,0.07332430560322502,0.06921808731547087,0.06789512424173202,0.0708998880862753,0.07353082220247191,0.07494859295226992,0.07621212806220977,0.07883927818260865,0.08579699514035341,0.09021095484826055,0.100106780565937,0.1171401642655177,0.1274305248778366,0.1509426212675073,0.17468729245074163,0.1912726612728707,0.2135821377885818,0.23898447483426408,0.25620069646791277,0.2803458311932888,0.29195455133085313,0.312533872890848,0.3271920771207097,0.3452486678507993,0.3650343386085399,0.373306156343185,0.3832938840955944,0.3931249564699236,0.4052454596047877,0.4130028249711534,0.4174382094839385,0.42532734724474247,0.4362440989643837,0.4463202630236002,0.4553148273527421,0.46441360787824526,0.4705913253602759,0.48301192114528785,0.4900360840631743,0.48137662649046925,0.48893343199423017,0.5071980169701592,0.5003494195752611,0.506675324419783,0.5116279069767442,0.503235082674335,0.5106382978723404,0.5091723994163019,0.49641711739365135,0.5160297456979585,0.512355524481636,0.5108606420980232,0.5175925196628898,0.5113221329437546,0.5111098218947613,0.5212050307107341,0.5268936546012197,0.5252189926941856,0.5147330785353224,0.523894870091619,0.5210594876248372,0.536670288100318,0.5242971969480599,0.5262711145064086,0.5341294652778807,0.5268485712971058,0.5536321387355354,0.5639655684179281,0.5619834710743802,0.5552484006002686,0.5551213131490373,0.5786832951284805,0.5561744240486916,0.541076303132718,0.5492791224670761,0.5477373528529029,0.5339429111276065,0.5293138651064633,0.5130564622543232,0.5147959455381392,0.5203036466656981,0.5119072039982843,0.5182885938188577,0.52929348683173,0.5073875629160578,0.5390412392715094,0.5417456488023437,0.525582012923785,0.5454046513755174,0.5495934190620272,0.5616213343639789,0.553770086526576,0.5492693322508626,0.5754309222517315,0.5749115008916452,0.5630477844408868,0.5696781526349347,0.589928869820481,0.6049192489870456,0.5904386115400011,0.5854635742903899,0.5629239091633028,0.5837096007604563,0.5971209089148538,0.607273828348417,0.6051253597808371,0.614334470989761,0.609103326073314,0.6243813294753673,0.5946578280366543,0.6030613880429556,0.625207022192779,0.5966587112171838,0.6227718850402711,0.5754184861717613,0.6315392591196154,0.6047305535235308,0.6005326900849288,0.611508911305075,0.6255392579810182,0.5735025211946584,0.6322202425426748,0.600456346823586,0.586373790022338,0.60609968405442,0.6464211164231365,0.6064830951551063,0.628314084404736,0.6106188100379776,0.5888277678778957,0.6420610563721532,0.5781799899446958,0.5638288714814496,0.6409673606691517,0.6246477550253616,0.635593220338983,0.6145698011392026,0.5989282336870863,0.6270447110141767,0.6460096043905786,0.6013336508692546,0.6592859808433885,0.5698938818289009,0.6629305631492619,0.5811419439198025,0.5553019930016735,0.6812420785804817,0.6802149815250252,0.6452738053714684,0.6187443130118289,0.6368821292775665,0.6537242472266245,0.6117793446702613,0.6778566817301485,0.7251227130745203,0.5581395348837209,0.7709251101321586,0.7024586051179127,0.6130063965884861,0.5812344312205923,0.6126021003500584,0.7138221933809215,0.7325383304940375,0.6367041198501873,0.55621771950735,0.8101371001246365,0.744119059049448
278,550,0.6061598951507209,0.4984423676012461,0.684931506849315,0.7220216606498195,0.5685510071474984,0.6072227548737616,0.6418485237483954,0.5685407454200885,0.45515394912985274,0.43017868960953015,0.36446855399220207,0.2886760267681407,0.21901709401709404,0.19527782709036037,0.1659975293390982,0.1507468822803892,0.14953271028037382,0.1571787837219936,0.12936269074396747,0.10876921589480808,0.12731740004467276,0.11689909762100081,0.10341456077015643,0.102880658436214,0.1201691982311094,0.10985748218527315,0.09477880299947035,0.10529640939243971,0.09569021225828901,0.0991994024694816,0.08546059933407325,0.09429764149943845,0.09002812114345829,0.08186300947684721,0.09378946586434884,0.08645584512816856,0.08761832769254556,0.09950498361094387,0.08084858676670331,0.08463684523996114,0.09099733074496481,0.09180241183296368,0.08508827908955542,0.0736113595398946,0.09274717121127805,0.08166152263374485,0.08496545565051289,0.08167265599477294,0.0773286467486819,0.08619907449414754,0.08049310295398662,0.08406078241189784,0.08608760866580051,0.08366678792288106,0.09027467845985312,0.08896974034752872,0.08791187441715884,0.09625456501429663,0.09478629159037526,0.10126881193064675,0.10644318089951225,0.11113570954173124,0.10955723165025491,0.12167542328429054,0.12416798999898637,0.13780602870338182,0.140075526102378,0.14224291210034593,0.14671314581767594,0.15545672793104806,0.15434978694286336,0.1559716498589374,0.16295103189775859,0.16393806619693294,0.1585235494731637,0.1617159822721992,0.1631147831637176,0.16672504378283712,0.16362205376744957,0.16090159204317864,0.1683894631543848,0.15879668131306848,0.1611975784828691,0.15556898800623548,0.14773277341564459,0.1500633808068004,0.15041840875742116,0.1445966514459665,0.13950607633147125,0.1418388996162006,0.13508252421457476,0.13301534657236447,0.13321673225477335,0.13143049885434477,0.12614180078294912,0.12785356427968111,0.12494445310110401,0.12085249695004954,0.12333762333762334,0.11951835221053102,0.12352827639451844,0.12125890281222114,0.11692495543769181,0.11181735774498043,0.11897534852459726,0.11611464621743622,0.11333162198032672,0.1115491663887051,0.11134629801120077,0.10457545118803217,0.10732448319133478,0.10638005442700459,0.10670597553462995,0.10636832097880901,0.1018425497620914,0.1061377468946417,0.10334940990820794,0.10406785335639752,0.09587187006541845,0.09719081702624435,0.09507114633533563,0.09281114650411348,0.09061619009262989,0.08609606024428322,0.08627728012322017,0.08522644637714884,0.08484528213258177,0.0851063829787234,0.08092877672583591,0.07945693434158686,0.07563747261923491,0.07831572249313208,0.07513775254633495,0.07051614070778237,0.07582526837740218,0.07392319602020356,0.07376131854715637,0.07640811524517734,0.07238624789407266,0.08170198474465708,0.08208369292263369,0.08645193403455458,0.09417627154488739,0.10577949813134009,0.12084287060724383,0.14034348473212405,0.1574458181021618,0.1816056010626522,0.2020928300675039,0.22306687088116683,0.24922162368240833,0.26082012650131475,0.2803458311932888,0.3038051050749099,0.31939877876937534,0.3341458237261834,0.35375962107756065,0.3728724992535085,0.38198769486279394,0.3951286554172711,0.40860231696086546,0.4173949849894574,0.4213583734532288,0.43353997262700267,0.44284561920980375,0.4440709524868797,0.4500849137894975,0.4561611374407583,0.4700089525514771,0.47759547531912655,0.48748011653053563,0.503182287983463,0.5044310626250703,0.5006416080477318,0.5095814662980265,0.5081142990255076,0.5150379268616629,0.5096274068517129,0.5133605370541003,0.52653165854909,0.518032103397957,0.5186447495157551,0.5041917327622388,0.5314732679324433,0.5230636107474873,0.5249063270059523,0.5181701972242513,0.5209723269710507,0.5258847616262065,0.5262969460456124,0.520978470261822,0.5289113549500678,0.5332948976650331,0.5274450205614161,0.5216173409950652,0.5304173976906442,0.5481990776108423,0.5482049990369372,0.5490881761990215,0.5707869374005802,0.5624033369264657,0.5619834710743802,0.5505094384329832,0.571870663114741,0.5810877963547761,0.5529455449540692,0.5524502794748473,0.5533843475976222,0.5268949878280588,0.5271948174640664,0.5336032805449273,0.5356274741301479,0.5307723714341505,0.5284759552520704,0.5314883538780001,0.5355329462934223,0.5352073805393471,0.5449342425718461,0.5432279673435211,0.5385145614337412,0.5510312472337788,0.554551899197329,0.5472295763993948,0.5930238175757283,0.5661310259579728,0.5619545362289425,0.5910534812268916,0.5828963828484736,0.5657612677393971,0.5876971696282538,0.5814609913063115,0.5906522855675398,0.5861497112140447,0.5854635742903899,0.5931295823379191,0.6045033269961978,0.6068039506810406,0.614002624230394,0.6120608939903596,0.6251122687264236,0.6164863966923844,0.6110561181755881,0.6141548060050692,0.6331142811347973,0.6169261344816164,0.626491646778043,0.5743585229523348,0.6072598253275109,0.6150438307097748,0.6071689831748354,0.6055580682446354,0.6010557675220822,0.6174503882657464,0.5845846955172604,0.6350939709178688,0.6274768824306474,0.6111938446264582,0.6512347669095364,0.636320786479025,0.6273963053328686,0.6355778310452532,0.6217886663191601,0.5927016347718292,0.6380229365207559,0.6116976705211999,0.6025652061633813,0.6046004182198382,0.6622205523201202,0.655301537248719,0.6145698011392026,0.6724808237890091,0.6052344601962922,0.6688772010061743,0.5834722552988807,0.671725338972509,0.661600943272632,0.615090213231274,0.5956704925177975,0.6389776357827476,0.6099493029150824,0.621430970775949,0.7411928845483083,0.5823475887170154,0.7034220532319392,0.7329635499207607,0.7154707590211531,0.7208952012050786,0.747434181169121,0.6744186046511628,0.6240822320117474,0.777722027094832,0.6663113006396588,0.595073346249654,0.6709451575262544,0.6164828033744322,0.596252129471891,0.7677902621722846,0.8939213349225268,0.6647278770253428,0.5760921747479597
241,550,0.6880733944954128,0.5763239875389408,0.5575023892959541,0.6235641614702987,0.649772579597141,0.687120485778204,0.561617458279846,0.6001263423878711,0.44176706827309237,0.43017868960953015,0.3475165282251229,0.26243275160740065,0.27243589743589747,0.23522101899520684,0.20460160592958615,0.16102507879950664,0.1588785046728972,0.16860996799268405,0.17424362426738477,0.14744271487962873,0.1541210632119723,0.14971287940935193,0.14290012033694344,0.13426797795912673,0.1393962699480869,0.13806413301662707,0.12404872745518913,0.13162051174054964,0.11681662275687231,0.11787223116961931,0.11431742508324085,0.1176071708588502,0.10722450383378178,0.11749749595500425,0.12257633162469354,0.11586865841919497,0.12197845619942617,0.12040939193257073,0.11642196494405277,0.11520015046550265,0.11298835234166464,0.10722521702090158,0.11061476281642205,0.11007306099423493,0.10533428730423722,0.1099537037037037,0.1066719589188921,0.10950185729669558,0.11130638547158758,0.11001723981489883,0.10750791147963966,0.10669253152279341,0.10826969188030125,0.11120927090370525,0.11512557309205988,0.11978607499304147,0.1151111283804787,0.12739574781303967,0.12761471453143206,0.13214898776600092,0.14372075058161993,0.14788576488820013,0.15407849710175292,0.1642403240091837,0.1706254012230969,0.17463706940788928,0.17898539446414968,0.19477580577376913,0.18988758654876314,0.19441930024794363,0.19944947280022396,0.20222794797886737,0.19870241303006128,0.20057433832672156,0.20688050378493153,0.20653748511926104,0.19715612921527606,0.20770577933450088,0.20090302804357732,0.2016361723072745,0.20440146715571858,0.20037849270844932,0.1960860323428889,0.20074444055610344,0.1986534314865689,0.19076380085999056,0.1903253335297982,0.184779299847793,0.17738919188700009,0.1796824715726239,0.1743095454384578,0.1711034414058609,0.1644075207695671,0.1645788990078742,0.16470929389589678,0.16198641628194893,0.15985964669286748,0.16524144725160803,0.1625685836212152,0.1591716372897259,0.15441034549314805,0.15739022374046763,0.15562738823991148,0.15334176486872317,0.15447824295904428,0.14602708435307554,0.14391750550272814,0.14545136401664488,0.1422145786479693,0.1417272562153594,0.1362195363582326,0.1407405371230655,0.14383305465106047,0.13530270880983217,0.13661805455890308,0.13930579279921723,0.13779921321094393,0.13447910272864239,0.12632528761561018,0.12325949098080553,0.12504853481945047,0.12088365378004903,0.1176572118980496,0.11364679952245385,0.11059705035929565,0.10878734110939818,0.11156127062415595,0.11199763593380614,0.10592148718528524,0.10404360836426657,0.10347206254311336,0.10003609865333667,0.0964731637631955,0.09953384462735651,0.09375904554550145,0.09993908474834387,0.10332943330959406,0.1007052564946898,0.10025175040196789,0.10592194069663052,0.10739012789482906,0.11985381763881431,0.12920323569842446,0.13948211425520554,0.1615726403662313,0.18146106742603932,0.21084048684985146,0.23556840823555455,0.2586369379620387,0.2803265558475136,0.3053494397808544,0.3208727169355412,0.34240712206813906,0.36449430455204906,0.38046031000469704,0.40148736980024446,0.42110716400236825,0.4296058524932816,0.4408711735175329,0.4508666106742002,0.4589037385564266,0.4706961286125242,0.4695022480404249,0.47017148377747364,0.48358578657041124,0.4947395305535645,0.501535140923427,0.5031313473256601,0.5207974657392741,0.5121784657409515,0.5312684313059641,0.5362744564724655,0.5500788461715803,0.5521575826831392,0.5505767947373439,0.5614978452459526,0.552915596745472,0.5551387846961741,0.5437369001933962,0.5562676236862343,0.5560767146133,0.5519861976989109,0.5542342419905081,0.562061657453735,0.5652193206274545,0.5575371597673084,0.5609705989773558,0.5673841155653536,0.557472945305645,0.5674698363825141,0.5597489610720041,0.5529527801750709,0.564001654404853,0.5708666445301525,0.564158278466432,0.5684986467556136,0.5750785162549868,0.5719111611574534,0.5935673860028527,0.5863822089142572,0.598334661230101,0.5903187721369539,0.5907906168549089,0.6021790106717287,0.6107433114790888,0.5908848743158813,0.5833225009749122,0.584584058589773,0.5844199152966285,0.5575612389499967,0.5550503577372475,0.5573303701645947,0.5547370102781672,0.552992881011187,0.5613262965518527,0.5403230442030236,0.5549203595647374,0.5611706445851599,0.5557881515595562,0.5719024642426331,0.5731610161989908,0.5854238605959432,0.5968702723146747,0.5990627566549108,0.5970333745364648,0.5797138217982545,0.605374160287455,0.6055202150594874,0.6132472254633273,0.6057161866215729,0.6054533137631253,0.6120527306967986,0.6018756790758849,0.6136786863043846,0.6247082406568361,0.6074738593155894,0.642308437157059,0.6392356087878074,0.6207303117522627,0.6520567630680797,0.6349440732400605,0.666260564988959,0.6278026905829597,0.6771918576694983,0.6355581318317324,0.6286225707466758,0.6205712776726376,0.6254548762736536,0.598548402299934,0.6071689831748354,0.6231468918036082,0.611508911305075,0.6363244176013805,0.5901257826785615,0.6207253290418989,0.6484928545694728,0.6329113924050633,0.6351150944612806,0.6329540098309878,0.6727082607180203,0.6428415776857703,0.6180653808920992,0.6469357712868986,0.6460991762235504,0.661974191385956,0.6240853920977877,0.6318756250568234,0.6387375540108962,0.7094994087504927,0.7144998501049266,0.6567195544814542,0.6761177753544165,0.7146123942373657,0.6251488449630864,0.6530663017788282,0.6878029608279838,0.6355932203389831,0.7046346070027605,0.6389776357827476,0.594106463878327,0.663419549882432,0.6452738053714684,0.7097361237488625,0.7224334600760456,0.6339144215530904,0.653255910410618,0.7316548310738111,0.6693440428380187,0.5813953488372093,0.6730298580518845,0.6021073758153538,0.6263326226012793,0.6365900913368392,0.5834305717619603,0.7138221933809215,0.5621805792163543,0.7865168539325843,0.6952721493841875,0.5816368923971749,0.672107537205953
243,550,0.6225425950196593,0.7632398753894081,0.6530742274609748,0.5743354118805383,0.5685510071474984,0.7031000319590924,0.7220795892169448,0.6475047378395452,0.5622489959839357,0.41914846679902934,0.3729445668757416,0.31491930192888073,0.27243589743589747,0.1819634297887449,0.20460160592958615,0.18500753734411401,0.1526479750778816,0.17432556012802924,0.15576323987538943,0.14019143381997484,0.12955103864194772,0.1394585726004922,0.12973826714801442,0.10811187835669944,0.11856694225469461,0.1291567695961995,0.12962395116104033,0.1118774349794672,0.11308843266888702,0.10386760964451602,0.11431742508324085,0.11442859867347586,0.11127071152562261,0.11171893058016798,0.10678998588514968,0.11586865841919497,0.11682443692339409,0.10786674693959461,0.11318802147338464,0.1003103350992132,0.10237199708808542,0.10502195913691045,0.10423314188470538,0.09493801510752763,0.10334684792113841,0.10416666666666666,0.09922972922687637,0.09800718719372754,0.0984182776801406,0.1015107522003448,0.09593013639721693,0.1023817221683371,0.10774154704186076,0.10601257600166294,0.1141112508621739,0.10586902063700346,0.11268262356232514,0.11984637016485952,0.12437810945273631,0.1294242663687638,0.13518733101583624,0.13504538410449413,0.14229345624694462,0.154351508689259,0.15668817785586375,0.15932528844084687,0.1646501798045496,0.1713380532117803,0.18189231974670994,0.18103821480577748,0.18778576094056174,0.1873188932129395,0.18214387861088951,0.18873231097163837,0.18942836989797773,0.19291174825375423,0.20212049218112835,0.20350262697022767,0.19641550336219157,0.19688380460979665,0.20006668889629878,0.19513983930430684,0.18897912507510709,0.19406356377055958,0.18890935494213276,0.1833072353540626,0.1795811614756967,0.17442922374429223,0.17197731823621024,0.17104102600777132,0.1648714651439897,0.1640717931289077,0.16236700189476752,0.15934494108889588,0.15977961432506887,0.15359783401020516,0.15264576371936264,0.15550451621771777,0.15071462439883493,0.1502356857225834,0.1488956902969642,0.14671506073894025,0.14636060855487296,0.14547112560997455,0.14065650543112979,0.1484744656550824,0.1414597112911066,0.13478857605301867,0.13808043391983066,0.13347129954262002,0.13539396341060694,0.12864564721405206,0.13063231540966294,0.13447601201466008,0.12999414888331992,0.13073738094053522,0.1264085524414909,0.1272250432453546,0.12463343108504399,0.11900916370560534,0.11562706986730009,0.11200357494786534,0.10931476900063287,0.10675911470291119,0.10683327639418873,0.1076238401349661,0.10128589043508895,0.10460992907801418,0.09997084183779731,0.09954604604304468,0.09560576539071293,0.0966709699524599,0.09616395490498011,0.09610164308848215,0.09596143923281189,0.09073834361278205,0.09697069895208058,0.09463097118231167,0.09576764655012268,0.09817155479199902,0.10057685694077646,0.11002973422579675,0.12523791900179762,0.1344767752269087,0.15820654369193482,0.18044162322701662,0.20296819594474338,0.22173179101173343,0.25026003308877426,0.2680315314682367,0.2997013576577403,0.31234453841233745,0.3342036181019232,0.35443928925406154,0.3750406474690176,0.3908737565603109,0.40963587921847244,0.4139295312033443,0.42766013663986713,0.4333053371000992,0.4523258603477763,0.4514920401012722,0.46472764890781043,0.4613155140487884,0.4729933430566533,0.47537836657686383,0.48313018162348476,0.49424509140148953,0.5083155430066799,0.5139295032306641,0.5259065968436668,0.5308346479537254,0.5468512251127361,0.5268679224075756,0.5510534846029173,0.5445121714485383,0.5475045010477849,0.5411352838209552,0.5579125363250675,0.5434503973340169,0.5383573066499896,0.5562200323888354,0.5563866079788207,0.5451287989687343,0.5541257127643052,0.5530363552485007,0.5581172388604821,0.5540407263444915,0.5603977771278151,0.5573257909371905,0.5518737051261858,0.5529527801750709,0.5564816323461216,0.5657582181808893,0.5595769467387463,0.5759788921076612,0.5729564553093964,0.5593172625309292,0.5966349177134619,0.5918405539440441,0.6045835871959507,0.5863833136560409,0.6010583682173605,0.598988658297309,0.5995223057563759,0.6013787313734038,0.579260366567009,0.5919734638247561,0.5710808016807283,0.5634658209055942,0.5670607209649469,0.5590666018473505,0.5618376440097278,0.5756937381955542,0.5482721966320422,0.5613994750052691,0.5618199022236241,0.5550819938301672,0.5725350638476031,0.5826727554713079,0.5654155970611667,0.5922842964623019,0.5921425869894099,0.6087250591816029,0.5970333745364648,0.5682971382179826,0.6118835598604385,0.6121742833568444,0.5969663256722655,0.6209630471543813,0.6125098791915999,0.6020658563031445,0.6090238462858123,0.6179109531064838,0.6219622703682346,0.5955917300380228,0.6293977148021432,0.6190492211418767,0.6380691472760689,0.6430752649541943,0.6644763557163424,0.6377065407751465,0.6200038993955937,0.6611636480205161,0.6521199072540577,0.6243607228094102,0.6095682408344703,0.6391011644832606,0.629182769346781,0.6291148500365764,0.6281722699633147,0.6324151988710605,0.6012726488352028,0.5790436083559595,0.6437151560434508,0.6364837276330011,0.6422189128816084,0.6222193565026759,0.6699885529593967,0.6587661205995121,0.628314084404736,0.6404050934544643,0.6430619043929651,0.6299466968179616,0.6075079604491369,0.6413015408453129,0.6591508318938085,0.6857035506293444,0.6651556957035869,0.6945138403117818,0.6094357465587895,0.6597600872410032,0.6631603018522754,0.6549178375803762,0.671725338972509,0.5960958993842526,0.6697648988518317,0.6537846869097778,0.6465845123992089,0.594106463878327,0.6718172657037286,0.6714335542378793,0.7279344858962693,0.7984790874524714,0.6537242472266245,0.6117793446702613,0.6132989025177534,0.6470325747434181,0.7558139534883721,0.6607929515418502,0.6146512794781737,0.7462686567164178,0.6504290063659008,0.6563593932322054,0.8436080467229072,0.5792163543441227,0.7677902621722846,0.7350019864918553,0.7270461154964686,0.6481036965914547
242,550,0.6225425950196593,0.5295950155763239,0.6371455877668047,0.5579258286839515,0.6172839506172839,0.4793863854266539,0.5776636713735558,0.5527479469361971,0.428380187416332,0.4081182439885286,0.305136463807425,0.26899357039758565,0.25641025641025644,0.2440972838629505,0.1814391599752934,0.15759901329313417,0.14953271028037382,0.15432098765432098,0.17952373409366917,0.14744271487962873,0.14742014742014742,0.14150943396226415,0.1391395908543923,0.13775545790611704,0.14900980580657566,0.1336104513064133,0.12962395116104033,0.13425292197536065,0.12800119302082816,0.12020633475713652,0.11542730299667037,0.1176071708588502,0.12442088652410528,0.12038677864242238,0.11050442017680706,0.10873827943955221,0.11252942086003401,0.12124556826543581,0.1123795356057176,0.11363280147957745,0.11829652996845426,0.11897592573552093,0.11770545274055166,0.11695262730637461,0.11262156504226621,0.1099537037037037,0.11101325957256794,0.11434171839268213,0.10896309314586995,0.11568823155793485,0.11853436393908988,0.11369759672378489,0.11672000929534915,0.117445304786156,0.12729743985069178,0.12177422561533262,0.12142524090767795,0.12739574781303967,0.13362555253472413,0.13214898776600092,0.1450681326183226,0.14700022138587557,0.15451498009637546,0.16639006647003687,0.1706254012230969,0.1775338928340865,0.1736608861620125,0.1842692270390845,0.19388521994978972,0.19402573891140934,0.19400640726571491,0.19267086159045207,0.20208938597943732,0.20464503523003139,0.19924519520938924,0.2011589047776136,0.20424807630935074,0.20665499124343256,0.21022327161260926,0.20401235615601343,0.20906968989663222,0.20463489859931505,0.20383902208955995,0.1962905226990742,0.20022505673567148,0.1966669152188502,0.1860276647081576,0.18843226788432269,0.1794938094178628,0.17908650980953061,0.1763741255028727,0.17491225088921053,0.17286109896516544,0.16952208148690928,0.168479048861824,0.16690386106193666,0.16563075307167138,0.16065936205918907,0.1625685836212152,0.16112637669503832,0.16047646620895029,0.15793766799695622,0.15399207417784586,0.15469877163747292,0.15962751772434577,0.15445695328221026,0.14910618217170696,0.14654498329496551,0.14304140759359704,0.1428280504383913,0.14475045681703103,0.14046565326149701,0.1383327466338115,0.14356967676155308,0.1437939523741182,0.1398585935642935,0.1364101082390594,0.13559511187991743,0.13422061809158584,0.13261021098624595,0.1296165178265537,0.12546692027407932,0.1251366434612508,0.1185255762696299,0.11436082432440257,0.11635009744320661,0.11244201749750456,0.11465721040189125,0.11365732613701957,0.10734182073316263,0.1068001113383597,0.10554267289113502,0.103584967502149,0.10296604616623088,0.10414175864282207,0.10628442346252442,0.1039653067453454,0.09974615881378798,0.10121262979879186,0.10947420090291997,0.11258119147886914,0.11756153150911021,0.12655969123400657,0.14615589962626802,0.16662178537767602,0.18451940002310738,0.21357867499075864,0.23487657737436352,0.2663157674291977,0.283488133545042,0.30887949110780066,0.3297562362305451,0.3513239742053302,0.3741902121608228,0.37973768833327315,0.39270368987754084,0.41222616933096506,0.4281128695132876,0.4420035481070471,0.4611743147285638,0.46045147460552077,0.4742234101758154,0.4643297656467592,0.4798325416633122,0.49703004179941174,0.4914440132809346,0.5011168463938829,0.516249153689912,0.5225191102541147,0.5283755625207935,0.5419921002305589,0.5408076302380823,0.5486955800035043,0.5582458342309601,0.5610639717799599,0.5692627246961991,0.5676731304664365,0.5676419104776194,0.537661627565537,0.5588310689566778,0.559724828017511,0.5588661790700382,0.563919888937915,0.5658852061438965,0.5724301657385015,0.56428836654552,0.5649653031409788,0.5731855891396415,0.5656624744077215,0.5746303390498013,0.565201061342186,0.5757613117987918,0.5802950355321043,0.5727823044111262,0.5687396101941176,0.5861792266786351,0.5708343943638061,0.591913235446639,0.5835979079433734,0.5957393718224634,0.6022402399587571,0.6107831562377017,0.6002685411894796,0.6141428320758028,0.6043313082089672,0.6223664454884488,0.6093201611854933,0.5895103287464284,0.5844199152966285,0.5761184965247318,0.5584818900880187,0.5703521077852628,0.5724885946070687,0.5675214296091821,0.5520019394662737,0.56427353375103,0.5746333385901278,0.5794365968501379,0.5756751099016119,0.5912889884542478,0.5742675046472515,0.5739898008186787,0.6157810136157337,0.5978549688390743,0.5834363411619283,0.6228435153237264,0.6040722803728584,0.6334673019083868,0.6118904838140722,0.6126465777728495,0.6252116969628543,0.630599783142156,0.6376165151255218,0.6263754867106822,0.6233352555125353,0.5955917300380228,0.6342392356852367,0.6526932005517613,0.6502063321427333,0.659241961559188,0.6552475174425044,0.6338993375466382,0.6375511795671671,0.6331142811347973,0.6417687976151043,0.6328844186839414,0.627173099775538,0.645924308588064,0.6386087284381186,0.631553279687881,0.6331976481230213,0.6167354831965713,0.6309318377911993,0.6566188286141741,0.6408414276682568,0.642488291101237,0.6267063787540332,0.6480108324198852,0.636320786479025,0.6308818403624957,0.6392097043655118,0.6813612331521335,0.6508096381808322,0.6945566144403166,0.645215351097704,0.6886459499010071,0.6409673606691517,0.6434341536727409,0.6700827749310209,0.6895173378634956,0.6829883366607123,0.6652126499454744,0.6631603018522754,0.6489640390569182,0.6033088692623461,0.6812524564391458,0.6560962274466922,0.7409559784977481,0.6161570059333638,0.6099493029150824,0.6802149815250252,0.6365538890826647,0.6915377616014559,0.7129277566539923,0.6933438985736926,0.6947324761509747,0.6240585323864859,0.6916555109326193,0.6395348837209303,0.697503671071953,0.6271951831409935,0.6663113006396588,0.6781068364240244,0.6417736289381564,0.7949383517196625,0.6132879045996592,0.6554307116104869,0.8144616607071911,0.6231823847112589,0.528084493518963
240,550,0.5570117955439057,0.6230529595015576,0.684931506849315,0.6727929110600591,0.4710851202079272,0.4953659316075424,0.5937098844672657,0.5685407454200885,0.535475234270415,0.39708802117802783,0.41532463129343955,0.23618947644666055,0.25106837606837606,0.2130303568258477,0.18915997529339096,0.18158147183774154,0.1557632398753894,0.18004115226337447,0.13200274565710968,0.13052305907376968,0.13848559303104757,0.11689909762100081,0.12785800240673886,0.13601171793262187,0.11856694225469461,0.1083729216152019,0.11707969782287514,0.1118774349794672,0.10438932246358802,0.11086992040706767,0.09211986681465038,0.10065478587018711,0.09306277691233891,0.09245704599738039,0.10957581160389272,0.09982530571499874,0.09878536945728177,0.10117733627667402,0.09782678998771101,0.10501238205698882,0.09251395292404756,0.08739589606498142,0.09146990002127207,0.09287414521388572,0.09672204997747569,0.08616255144032922,0.08558564145818087,0.08711749972775781,0.09197422378441711,0.09187006623718356,0.09096823279046433,0.08891044293566117,0.09717865027305088,0.09354050823676142,0.09686777295411206,0.09940753111455723,0.10442570718060304,0.10521945097151053,0.10727033975105882,0.1171630200811967,0.12126438330324181,0.12884657958822227,0.13269083036524898,0.14188300241631052,0.1452849951008548,0.1522901458343679,0.1585065163790067,0.16002327611288916,0.16790060284311686,0.1763154787673659,0.17456688749961122,0.17737952336898763,0.17838057533380502,0.1817011072295577,0.17743002785069698,0.18358887566156537,0.1893549874117939,0.19089316987740806,0.18744045399942008,0.1816083370107607,0.18506168722907637,0.1853173641715397,0.1880100013567732,0.17783857729138167,0.17853662829805558,0.17119031640692964,0.1740555872764445,0.16925418569254186,0.16325818846549328,0.16299554220601206,0.15867772495074503,0.15674715950708146,0.15624544527036874,0.1538202077299743,0.15513991590546614,0.14983743506080277,0.14629754670267836,0.1446220638857228,0.14450540766330242,0.14157898264191407,0.1406237075026884,0.1415143403022987,0.14336253277441932,0.14221430936497512,0.13821737527914488,0.13732528416816228,0.13272088742756333,0.13232793267679724,0.12760726727521277,0.13126971109655616,0.12906457081214362,0.12534704087523021,0.12430696118982663,0.12731130645650196,0.12557821176626446,0.12382737137708198,0.1250194474696064,0.12192399977679817,0.11983983758177306,0.11702567764384525,0.10906059429458922,0.1054151293626968,0.10384903055060124,0.10101937735329232,0.09959524953821389,0.09715233136507752,0.09394633315718397,0.10135933806146571,0.09283006742081179,0.09384913376949694,0.09106751703355884,0.09024663334169516,0.08688768915851902,0.09110934994102854,0.08872500283164902,0.08661387344856468,0.08584291382643199,0.08983548277780264,0.08904149077235486,0.09106703437942014,0.10025241546677395,0.1041352841779862,0.12193348842127526,0.13848104644954617,0.1558502760199273,0.1797619937610015,0.21118276036746486,0.228650099623644,0.2586369379620387,0.2747059732741299,0.3071144654443275,0.32620282851254356,0.3495406037778919,0.36449430455204906,0.3833507966903928,0.3938016498678788,0.41000592066311425,0.42064795461331744,0.4314347186049145,0.4405589066198366,0.4484565202250408,0.45658700235935945,0.45597421716468384,0.4673536752274374,0.4746229497510776,0.47990970282672996,0.49107777768482347,0.4963608666215302,0.5048722539769988,0.5183070969549458,0.525459777305142,0.5253948394349852,0.5394738055496638,0.5559041990202598,0.5405663075603012,0.5396591217921342,0.539141898605905,0.5516379094773693,0.5406992638794665,0.5429377082799283,0.5435688972274338,0.5551615737163542,0.5596151569612897,0.5615154362122834,0.5552350735506202,0.5569745592024574,0.5643946311176041,0.5604223472762081,0.5627376425855514,0.5620994593820486,0.5615663278287314,0.5763777585994329,0.5715216764635843,0.5663967714745473,0.5680851342330197,0.564418512927224,0.5609314432843845,0.5726519787237195,0.5920336201475482,0.5879417360656248,0.5952101982471762,0.6044864226682408,0.6073769844404076,0.6045717749525436,0.6027283073914367,0.6070292697889927,0.6036331730144286,0.5936155538769746,0.582752526094641,0.5761184965247318,0.5739237856664894,0.5573303701645947,0.5636128024426179,0.5729696353334301,0.5520019394662737,0.5709796708244717,0.5677337959312412,0.5753774963468096,0.5882352941176471,0.5643632603825607,0.5764804815437727,0.5842804546182168,0.6145990922844176,0.5954393932074012,0.584672435105068,0.6101583113456464,0.6183929594334219,0.5868888238268878,0.6132472254633273,0.6098744213123388,0.6223890707914644,0.6320264794841066,0.6347572482415509,0.6320185091134811,0.6082324189252272,0.6134149239543727,0.6277838745077787,0.6426000067287958,0.6363352637236883,0.6754086581641817,0.6570932850972719,0.6377065407751465,0.6297523883798012,0.63511780734092,0.6293474660483603,0.6307534947153086,0.6183706703050041,0.6277292576419213,0.6009048920727684,0.6364301389904901,0.6206342027237549,0.627188626979564,0.6255392579810182,0.6178312184850667,0.6293465141674809,0.6695088267082984,0.6267063787540332,0.625443290992327,0.636320786479025,0.6378529104217497,0.6392097043655118,0.6404050934544643,0.6663051057565662,0.6541754159263448,0.6033182503770739,0.6068692433502625,0.6182380216383307,0.6810069509674995,0.6651556957035869,0.6795243329669232,0.6514657980456026,0.6597600872410032,0.686027898467871,0.696594427244582,0.671725338972509,0.6419494301061182,0.5945872061235649,0.6610489612087752,0.7226532785638217,0.6574778200253486,0.7138058448102116,0.7499128008371119,0.6551410373066424,0.6653992395437263,0.6735340729001585,0.7362090418913314,0.6132989025177534,0.7585899152164213,0.6395348837209303,0.7464512971120901,0.7024586051179127,0.6929637526652451,0.6365900913368392,0.6126021003500584,0.8273848150551589,0.7495741056218057,0.7677902621722846,0.6356773937226857,0.8101371001246365,0.6481036965914547
279,550,0.49148099606815204,0.5607476635514018,0.6690028671551449,0.5415162454873647,0.6172839506172839,0.62320230105465,0.5937098844672657,0.5843335439039797,0.3614457831325301,0.4412089124200309,0.27123241227326667,0.24275029523684558,0.2403846153846154,0.16421090005325759,0.1544163063619518,0.1507468822803892,0.12461059190031153,0.13717421124828533,0.13728285548339406,0.12568887170066712,0.12955103864194772,0.11894995898277276,0.11281588447653429,0.102880658436214,0.10414663846696148,0.10243467933491686,0.10871686226409834,0.10266399915762872,0.10438932246358802,0.0991994024694816,0.08879023307436182,0.10065478587018711,0.10520139998786138,0.08667848062254412,0.09100364014560582,0.09269492673535598,0.08675932447987354,0.09699645461234864,0.09297587478170881,0.09012256669069936,0.08948070856588207,0.085927057475654,0.08792455505920727,0.08393070900810413,0.0847974136788828,0.08744855967078188,0.08558564145818087,0.08046269072077632,0.07850029291154072,0.08222938027402232,0.08380103869182168,0.08406078241189784,0.08450317415047902,0.08574546588369797,0.08571022842536617,0.08499343910294643,0.0947116879079888,0.10002925383838669,0.10542085113466125,0.11035121658810387,0.10958707231848519,0.1208766880673013,0.11654095956421538,0.12640485669816756,0.13261479203973375,0.13946135637549453,0.14253299147259516,0.15396178838134034,0.14911172585829188,0.15978590263292533,0.16173680445398278,0.16208818514752318,0.1637036925531755,0.15801705251939133,0.16034148008638804,0.16458455845441114,0.1620509910996064,0.16637478108581435,0.1663836074175331,0.16735123391832715,0.16705568522840947,0.1686191564458356,0.15829020732786747,0.15366016606750865,0.15621954976079863,0.1447816469067681,0.14980445606861537,0.1445966514459665,0.1467219078658577,0.14005101432692077,0.13832686431579816,0.1333083319172375,0.1305932079871739,0.12939507077474208,0.1302015369001015,0.12698577990674212,0.12465589778216382,0.12514820181794228,0.1196685407211723,0.12482407345352188,0.11801362119833458,0.11715307088855677,0.11883282184343504,0.11507417398997986,0.11653621837261235,0.114483058682765,0.10923529829429081,0.1115491663887051,0.10610971468889183,0.1015482670746944,0.10842524712150232,0.10528051898073064,0.10093065211651853,0.10361266499490203,0.10598249080933088,0.10309734268672227,0.10362723090258484,0.09988281903911612,0.09558989397699075,0.09435726550944423,0.09335815270767193,0.08851433416596008,0.08658880386629078,0.08322619156947378,0.08280302723235224,0.08551732162075686,0.08073513005695497,0.08215130023640661,0.07854851858684074,0.07735807192501665,0.0732170734954194,0.0743387522102777,0.07266408168061199,0.07426036056837257,0.07519601303817063,0.07297139521307647,0.07185369823990233,0.0716126268406683,0.07687035174591787,0.07685799355426239,0.07786595376060113,0.08481458679905166,0.09681981600930528,0.10544580886278697,0.11478389659351015,0.13762496686806353,0.15984173272545557,0.17572503874252823,0.20034764155224047,0.22131043882698442,0.24004349023234797,0.25868808187051384,0.2796324830223135,0.3099099357915452,0.31434042706940785,0.3308519437551695,0.35560982830076965,0.37324574499850705,0.38349752764881284,0.39627395586775593,0.39815509862947973,0.41700306481575833,0.41857319062587034,0.42951453184123667,0.43591979075850046,0.4337724610099113,0.45594103720311546,0.45658429248476645,0.4678568969079264,0.46665149100842246,0.48524601883791174,0.48323632341474915,0.497975820507382,0.49314837537349077,0.5033844980455715,0.5115114337849905,0.501264228722096,0.5056264066016504,0.5088040825832059,0.508074852601897,0.5039608088388576,0.5159986028345523,0.5181821116862712,0.5276497192422819,0.5186261676022276,0.5147795168386349,0.5204528853177502,0.5244532111156234,0.5276396607195086,0.5322640316016851,0.5312768818832766,0.5326100357539144,0.5326682291601389,0.521698040918495,0.5353613361781222,0.5310974199953759,0.5397108338284808,0.5430192760730743,0.5398855810671943,0.5692274102492124,0.5522488322319601,0.5627705627705628,0.5797330384645762,0.5750610154891608,0.5570427840918198,0.5674755008798695,0.5467632913037827,0.5336792669710007,0.5452362690499216,0.5491261218705715,0.521592917317228,0.5364955899715258,0.5183462624039196,0.5475446752869388,0.5380154038379054,0.52691077005614,0.5371786784418862,0.526668290306868,0.5296211011094829,0.5579010856453558,0.547711781888997,0.5694161769077728,0.5602307110438729,0.568868061258998,0.5648949320148331,0.5771767810026385,0.5754309222517315,0.5749115008916452,0.5820421675304589,0.593241482549275,0.5969854352489556,0.583518803857787,0.6033053125178705,0.5967496190959878,0.5903836120493176,0.5896506653992396,0.5664579433219289,0.5971806345254517,0.6346013801713077,0.6322974672175319,0.609103326073314,0.6129597197898423,0.5966075258334959,0.6130790190735694,0.6293474660483603,0.6137061029662462,0.5963645966286695,0.6118085880640466,0.5961919125270996,0.6022921238722263,0.5904819337655158,0.6036690534678304,0.6039689387402933,0.6095195877431152,0.6408414276682568,0.6154677554941757,0.6422189128816084,0.6351150944612806,0.6228536798868763,0.6029975601254793,0.6137865911237017,0.6441283788815251,0.6314403037111646,0.6501372960749475,0.5949388302329479,0.6025652061633813,0.6318756250568234,0.6857035506293444,0.645447378793851,0.674527830518637,0.6041819901229379,0.5943293347873501,0.6059913103132861,0.6251488449630864,0.5846498320686653,0.5895453949954147,0.6219245489338436,0.6901060584047654,0.6541913890156701,0.6812420785804817,0.7222035606315083,0.6975933031042901,0.6187443130118289,0.655893536121673,0.6636291600633915,0.7154707590211531,0.688616311598881,0.6581883087907184,0.6976744186046512,0.7586882036221243,0.6397390868038133,0.6396588486140724,0.5120398560752837,0.5688448074679113,0.6975989617131733,0.6984667802385008,0.7303370786516854,0.7548669050456892,0.540091400083091,0.744119059049448
239,551,0.5897771952817824,0.514018691588785,0.47785919082510353,0.4758779127010174,0.5523066926575698,0.5592841163310962,0.6418485237483954,0.5843335439039797,0.45515394912985274,0.4081182439885286,0.27123241227326667,0.2558719328172156,0.22970085470085472,0.18640156222261672,0.19302038295243976,0.1713032753186241,0.16199376947040497,0.14860539551897575,0.1267226358308253,0.14502562119307744,0.1317846772392227,0.12305168170631665,0.12409747292418771,0.11857431819767036,0.11536243030186502,0.10540380047505937,0.10314163855824715,0.09871538380541224,0.10563205249291645,0.10970286861330905,0.10099889012208657,0.09959526180839566,0.0920512249893787,0.0963094229139379,0.10028972587474927,0.1007166030874541,0.09363135018124967,0.09281557294802327,0.09135890304637474,0.08777154321181155,0.09175564183450619,0.08813031535964513,0.08012479614266468,0.09425005847631365,0.09009725203381297,0.08359053497942387,0.09054712791952468,0.08106767335777464,0.0837727006444054,0.08279647944832592,0.08766029705262926,0.09106584761288933,0.08767204318112198,0.08938315231512758,0.09585345072422607,0.10338383235913952,0.09956869754429593,0.09955741773537544,0.1035713625182637,0.11035121658810387,0.11632398250199862,0.12707549258357317,0.1287624834136462,0.13457387804940968,0.1452849951008548,0.14815182665408616,0.15809693881730383,0.16648886302654126,0.16350320610198762,0.1731669880750915,0.16756866038381388,0.17508582263576797,0.1791332359892219,0.17837053703594058,0.17524851111482775,0.17856886734269445,0.17623488528775577,0.1807355516637478,0.17915579304916945,0.1782137886554194,0.18306102034011337,0.17484005736325478,0.17411922806065422,0.17433907040371582,0.17036417700272205,0.16652996296572467,0.16822303673278938,0.15859969558599696,0.15664367622563904,0.1567379436935326,0.15189410473909606,0.14825058450576303,0.1515814021279697,0.14713237261127976,0.14644048136871105,0.1408703298737663,0.14052644032387449,0.13860807707067294,0.14111856217119376,0.13599401291245003,0.13538478506631374,0.13412384283970283,0.13109767730892719,0.13352946604497665,0.13333911497517506,0.1291673464948061,0.12862456374152742,0.12603962182645356,0.12154385500727609,0.12301375442381679,0.12328556017876406,0.12012424750542895,0.12403194578896419,0.12235112568546942,0.12061028250957707,0.12216896908185321,0.11890738559331451,0.12192399977679817,0.12040378975862846,0.11759238794720528,0.10534910810131787,0.1008318628686665,0.10413670099533974,0.09614060060611626,0.0993057284639749,0.09889758282672562,0.09306558628383536,0.09219858156028368,0.0916399383513142,0.08935157144827503,0.08350376977163534,0.09085847492367276,0.08410480943458068,0.0792526537158262,0.0849494707962597,0.08693114038427371,0.0807559263404212,0.08759758818903175,0.08391680065596034,0.09365049634763065,0.09116805419470382,0.10675503975479088,0.10904620915723803,0.1318072610784837,0.15282078901306045,0.16650921917370648,0.19167316986350133,0.2224236218729245,0.2471186937613001,0.27154439557660154,0.2919352447384585,0.30808044915073557,0.326356788221195,0.3454615970237155,0.36203345738338694,0.3787961966665935,0.40408525754884544,0.41094356524335623,0.4197335145132676,0.4401771398030083,0.42910981961136346,0.44561323749578685,0.4527911510762742,0.4548748087915627,0.4636231045637136,0.4790858235085725,0.47643746915077845,0.4849356804333108,0.49755526478892637,0.49948344394053473,0.507140176225626,0.5195017135396834,0.520108079196599,0.5357661362082369,0.5300791305176852,0.5328648522731685,0.5170055980244582,0.5416354088522131,0.545255718350361,0.5342219943604204,0.5336668751302898,0.537167776284175,0.537553405581085,0.5342043741397016,0.5541257127643052,0.5440347462108852,0.5455624543462382,0.5401171897662006,0.5475285171102662,0.5537455396035469,0.5561142275585494,0.5455554185673777,0.5458282677629188,0.5517100457204158,0.5405971438669057,0.5446978660900078,0.5637608578785049,0.5704295260249211,0.5720946640285894,0.5739059917033156,0.5842745778069394,0.5918929555293192,0.5971092330779559,0.5870248368932349,0.5850952983986022,0.5981498522787815,0.569511243988041,0.5763736083286807,0.5585753826658219,0.5643093326135367,0.548187293035705,0.5495173275921938,0.5414233220314912,0.5484527095743136,0.5445424537978106,0.5537353183499071,0.5568916574672765,0.553052443578503,0.5714883818296002,0.5600551438910908,0.5665220855094273,0.564842552996867,0.573231845688351,0.5954393932074012,0.5834363411619283,0.6012786685609904,0.5910534812268916,0.6068510287189588,0.5956095840230103,0.6029440301610622,0.5955741221632608,0.6134794270387491,0.6147423800537543,0.600981885898087,0.6150973446467309,0.6089591254752852,0.6068039506810406,0.6156848232008881,0.6398030308284496,0.6305011675947547,0.6312525379305254,0.6472245488464173,0.6395008773640086,0.6271037025164289,0.6562603511096389,0.6073133310603478,0.5963645966286695,0.6209061135371179,0.6056178716184372,0.6339917093391856,0.6256595808834614,0.6010557675220822,0.5958800690250216,0.6122901313237658,0.6235990574170929,0.6514951363035908,0.6080913378009432,0.6125475530337223,0.6295872331829507,0.6378529104217497,0.6246822110844774,0.5957256683297342,0.6391880374990315,0.5734130188984009,0.6577844813138931,0.6068692433502625,0.668242567506137,0.6669171519819651,0.640520299566417,0.649545318277206,0.630450772302196,0.5888767720828789,0.6517265035444775,0.6668254346272922,0.6344072645851474,0.6157474125507664,0.6082558775287042,0.6828417841057679,0.6313707591662863,0.6495564005069708,0.6298286865972456,0.6714335542378793,0.6369426751592356,0.655893536121673,0.7626782884310619,0.7362090418913314,0.7101355713363461,0.6247211066488175,0.627906976744186,0.8198727361722956,0.777722027094832,0.7062899786780383,0.595073346249654,0.6563593932322054,0.8273848150551589,0.5621805792163543,0.5617977528089888,0.7945967421533571,0.540091400083091,0.6961113778204513
240,551,0.5570117955439057,0.6542056074766355,0.684931506849315,0.6399737446668855,0.5523066926575698,0.6072227548737616,0.7060333761232349,0.6475047378395452,0.5622489959839357,0.41914846679902934,0.3983726055263604,0.24275029523684558,0.3044871794871795,0.19527782709036037,0.18529956763434216,0.16102507879950664,0.1806853582554517,0.14860539551897575,0.1267226358308253,0.14744271487962873,0.1362519544337726,0.12920426579163247,0.12409747292418771,0.11683057822417521,0.11055566237262066,0.1291567695961995,0.10592925041117274,0.1131936400968727,0.11184570263955859,0.10853581681955045,0.10987791342952276,0.10383335805556143,0.11329381537154301,0.10305108251791356,0.10121833444766361,0.10428179257727548,0.09792636624460975,0.0986688072780788,0.09863527585537804,0.10736340553587662,0.10009706381946129,0.09474008901161853,0.09501524498333688,0.09493801510752763,0.0940721308000106,0.09002057613168724,0.09488842857320053,0.08469756917976454,0.09724663151728179,0.09470556210870157,0.09813542688910697,0.09160469878219636,0.08978462253488396,0.09873720313880373,0.10041790075871303,0.09791641814783887,0.11365402548958657,0.10286027045645424,0.11790489929534483,0.11580065938257814,0.12440827472221475,0.13371706885100731,0.13225434737062644,0.14403274487716372,0.15119775652937797,0.15766996076873416,0.15932567150241242,0.1604273752949924,0.16510225946239826,0.17041205871935142,0.17301172591832292,0.17355668881362152,0.1806385573000557,0.18059091716501866,0.18288381969037004,0.17964458341102393,0.1850998191553491,0.18248686514886164,0.18571448296811785,0.17991106283309005,0.1780593531177059,0.18073354244291506,0.17896484665232365,0.16797633060795977,0.1744504026503888,0.1761613600775483,0.16730210769958068,0.1634703196347032,0.1629575288182272,0.1618036186798255,0.15690808489553226,0.14971551123012827,0.15216440752076957,0.14974935157076893,0.14789038712483688,0.14173811424670532,0.14572043606479798,0.14319016226309186,0.13886066517645465,0.13906574626365525,0.1373149143849781,0.13768223050687864,0.13518596246409123,0.13244386062997682,0.13577824512715997,0.13161472779681296,0.13381324041050624,0.12768005074393451,0.1237487321956167,0.1268665342044285,0.12521189705655725,0.12864564721405206,0.12705711519845111,0.12593347846454847,0.1244742274870006,0.12216896908185321,0.12613073144711398,0.12304000892807322,0.11786600496277916,0.11560890188544519,0.10649110385309367,0.10570158351857369,0.10672573499798631,0.10302828542565892,0.09612099664734595,0.0951162046598214,0.09658857377722976,0.09515366430260047,0.09283006742081179,0.09324945879333402,0.08652926867640474,0.08871702938675118,0.08626927144208828,0.08081274532440545,0.08683723681395436,0.08502753877001955,0.08393529351917793,0.0850399943732936,0.08487768005278432,0.0923587653635254,0.09441246893472888,0.10806491754319322,0.11466374114412606,0.13214095034703682,0.14608859566446747,0.16888792230475944,0.19133089634588793,0.21412165153863183,0.24188312821550984,0.26557252659238134,0.28699317288073367,0.3055930637481345,0.3188666324259545,0.3404340893747217,0.35227806481916396,0.3755023166955796,0.39668442865600945,0.4124365482233503,0.4272826784433624,0.42337939986256395,0.42988368763591056,0.4393425147166025,0.44642501889945485,0.4540697206344095,0.455067669417986,0.47249478896331265,0.48396677068257304,0.48874407582938395,0.48980786447214375,0.4942303314713968,0.5187574842272703,0.5240348873053001,0.5168804581377549,0.5235896331125951,0.5334159595766994,0.5328648522731685,0.5327469673268204,0.5381345336334084,0.5331051730946426,0.5311458600358883,0.5347091932457786,0.537167776284175,0.5289439416278344,0.5516834538661539,0.5485789088327306,0.5434721456460342,0.5506985025566107,0.5430179265533446,0.5405089207370576,0.5471817454918669,0.5524794940450949,0.5504869929725065,0.5702683394537957,0.5472401726648106,0.5563045669332565,0.5474179553089341,0.5637608578785049,0.564502985494792,0.5613583030414577,0.5645488287951093,0.5842745778069394,0.5950413223140496,0.5836821736039808,0.598988658297309,0.5858967988073673,0.6062220500153372,0.5727609515143637,0.5895103287464284,0.5710808016807283,0.5457520750388015,0.5284559820187704,0.5373637058129036,0.5352102675163758,0.526659886677321,0.5473397609234844,0.5537353183499071,0.5490064658571203,0.5652297450884883,0.5432279673435211,0.5557470273996209,0.5842259006815969,0.5888540785291225,0.5696860816944024,0.5724914247065075,0.5908529048207664,0.5835193829916785,0.6066760402020518,0.6174975379947301,0.6173174504110928,0.6195769689241261,0.6167438184486848,0.6220396050904525,0.6133127466117687,0.6052141527001862,0.6137243595024302,0.5985622623574145,0.6116454715641341,0.651011001581267,0.6259319624094046,0.6718160589186276,0.6294067702757578,0.6186705246326049,0.6297523883798012,0.6210931238980606,0.6272772441205697,0.658455506307535,0.6029664187315699,0.6095342066957787,0.5844094636629277,0.6120458424774445,0.6181215136439017,0.5932159096848377,0.6363244176013805,0.645536654291572,0.609230415541123,0.6304791641647652,0.6329113924050633,0.6157714875233735,0.6127533499427649,0.6448239804810039,0.6319459577249946,0.647851664308586,0.6043232354536299,0.6299466968179616,0.6242668007373889,0.6714298011534819,0.6818801709246295,0.6763103513056548,0.6306661411115491,0.6595383231737784,0.6672270673531575,0.6761177753544165,0.6460096043905786,0.6549178375803762,0.646846622714268,0.6484999344949561,0.6492618917441225,0.6101990411157926,0.7150464019473604,0.6812420785804817,0.7222035606315083,0.6888733868154865,0.6369426751592356,0.6463878326996197,0.7329635499207607,0.767316466196599,0.6778566817301485,0.747434181169121,0.7093023255813954,0.7831620166421929,0.6899147014550928,0.6529850746268656,0.5258787711043453,0.6855309218203034,0.6327060350421804,0.817717206132879,0.7303370786516854,0.6952721493841875,0.9347735770668882,0.8881421027364379
241,551,0.6225425950196593,0.5295950155763239,0.6371455877668047,0.508697079094191,0.5847953216374269,0.7190795781399808,0.6578947368421053,0.6317119393556538,0.4685408299866131,0.4412089124200309,0.32208848957450414,0.30835848313869574,0.27243589743589747,0.20859222439197586,0.21618282890673254,0.18500753734411401,0.1588785046728972,0.14860539551897575,0.1716035693542426,0.1546939959392826,0.13401831583649765,0.12920426579163247,0.118456678700361,0.11857431819767036,0.12497596616035378,0.126187648456057,0.11986730967580074,0.10529640939243971,0.11433116269821544,0.10620171323203323,0.11431742508324085,0.11442859867347586,0.11329381537154301,0.10786655366361045,0.10400416016640665,0.10517308994973082,0.10393938873331385,0.11455615760251521,0.09297587478170881,0.102661358578101,0.10464693035670954,0.10281870125291932,0.09785152095298873,0.09700188500116953,0.09672204997747569,0.09709362139917695,0.09426824276553256,0.08772248236475613,0.09373169302870533,0.09073586788857636,0.09703278164316195,0.09322125229011748,0.09717865027305088,0.10029621160941642,0.10092506187365602,0.10238975704799395,0.10199720236244948,0.10521945097151053,0.11513066637074848,0.1180712605469424,0.12889954817789037,0.13460261235333185,0.1361826943222292,0.14231295090848115,0.14739669561104166,0.1522901458343679,0.1626022919960353,0.16648886302654126,0.1706989462238355,0.17119918139242,0.17534446829025535,0.17890865719113408,0.18252020893859797,0.180960980519865,0.17815720009598673,0.19004317207154228,0.187936597992979,0.1884413309982487,0.18709525979315964,0.19450762076105774,0.1843947982660887,0.1846625324960219,0.18122613532843604,0.1838831800973499,0.17319310245110672,0.16994755548927498,0.17067884748801257,0.16377473363774733,0.16506214634908992,0.15971775250899903,0.16133218503356417,0.15411029140322402,0.1509983967351698,0.1538202077299743,0.14731042482238654,0.14607703611140038,0.15120298712466168,0.1446220638857228,0.14140079929553614,0.13906574626365525,0.13814211266440565,0.1385033968916115,0.13600361949512405,0.13814328905872583,0.13767534635648157,0.13406210909881983,0.13299397567329907,0.128500265202675,0.1262292190324999,0.12466494575836466,0.1224599872311384,0.1212237829517029,0.11963169937516502,0.12372895367742291,0.1277861803247922,0.12465657252469638,0.12613073144711398,0.12359801350371073,0.11561019625535754,0.12070929461568541,0.10649110385309367,0.10570158351857369,0.10557505321903228,0.10130636422077326,0.10046381276093087,0.10151546001919777,0.09981797897950796,0.09278959810874704,0.09342513195556058,0.09085075888868234,0.09015986736212803,0.08932887096872877,0.08750610687494975,0.09079733161931268,0.09092739651895947,0.08724840731998273,0.08965815444094007,0.09015518200476991,0.0925647152273761,0.09203583261749908,0.09571023483073889,0.10282540638958386,0.11995083007296184,0.13080619327282433,0.15315739868049008,0.1722860696348351,0.19749181966292906,0.2210399601505424,0.23909082659108838,0.2631135217165259,0.29475928580001554,0.3063037452917348,0.3277834845631456,0.3504891046727093,0.37287278245474587,0.3806261299838234,0.40075488454706926,0.41542251418333836,0.4197335145132676,0.43865007253569516,0.43297915973409895,0.44757283836428197,0.45637210042573506,0.4649384107559778,0.4656601129317439,0.4716709096451552,0.48605824333029374,0.4988997968855789,0.5018593760760278,0.5047365564096727,0.5102679129952995,0.5213149830459302,0.5284076762050554,0.529677884660416,0.5300791305176852,0.5280118026167644,0.5302873783733263,0.5331332833208302,0.5437369001933962,0.5403742630094848,0.5456535334584115,0.5355800882754533,0.5445485950431012,0.5505910113832507,0.5441414656874709,0.5513485535539477,0.5535518626734843,0.5401171897662006,0.5451886516525299,0.5453916198250451,0.553085282964004,0.559733694982123,0.5614949803852758,0.5593726852443105,0.5589224707776483,0.5650985352319556,0.5602240896358543,0.5511682693020017,0.5575238884031963,0.5715667009762639,0.5694333786380466,0.5769382133018497,0.5781533844088145,0.5926079535484694,0.5995223057563759,0.5811982370320143,0.5760106590406863,0.5755525633025715,0.5560742988628405,0.5516566569943991,0.5619134224387901,0.5564622543232168,0.5449736388972716,0.5321080924015691,0.5333532252951159,0.5431971029487843,0.5608342532723546,0.5520376684526709,0.5673016537575885,0.5600551438910908,0.5598831548198637,0.5888540785291225,0.5779595310136157,0.5990627566549108,0.5797280593325093,0.6012786685609904,0.5689215226787481,0.6001969604216018,0.5942528423737552,0.6071022648518282,0.6379135147341086,0.6191862124065515,0.6204609138216961,0.5882850854917894,0.6096054040695279,0.6134149239543727,0.5938932283261249,0.6207314201123708,0.6311336130665465,0.6700197592958504,0.6312525379305254,0.6262849310896215,0.6297523883798012,0.6170860714858151,0.643839019542895,0.5923968632799183,0.66018221029004,0.6027110625909753,0.6032613818456027,0.6242379907339672,0.6206342027237549,0.5984424815763341,0.6390207075064711,0.6178312184850667,0.609230415541123,0.6214723189624115,0.6391164060560933,0.6512347669095364,0.6093865732947277,0.6204252352736146,0.664632817607322,0.5845558120485517,0.6314403037111646,0.6420610563721532,0.641025641025641,0.6757338383403633,0.6500590962814802,0.6340409543490513,0.6602286164761529,0.6295593084840612,0.6146895029946412,0.6761177753544165,0.6231420077749829,0.6787330316742081,0.5970891901977858,0.6812524564391458,0.6902679059595408,0.6392561383117826,0.6541913890156701,0.6337135614702155,0.705408128988915,0.6714335542378793,0.6551410373066424,0.6273764258555133,0.5645800316957211,0.653255910410618,0.667097051861416,0.6916555109326193,0.6395348837209303,0.697503671071953,0.7024586051179127,0.759594882729211,0.6781068364240244,0.7730455075845974,0.6975989617131733,0.6814310051107325,0.8052434456928839,0.7350019864918553,0.7893643539675945,0.7681228996639463
242,551,0.5570117955439057,0.5607476635514018,0.5734310289901242,0.6235641614702987,0.5035737491877843,0.5752636625119847,0.5937098844672657,0.5685407454200885,0.5622489959839357,0.485329803662034,0.2881844380403458,0.2493111140270306,0.22970085470085472,0.23522101899520684,0.18915997529339096,0.17815540633136906,0.1588785046728972,0.14574759945130314,0.13728285548339406,0.13052305907376968,0.12955103864194772,0.12920426579163247,0.11093561973525871,0.11159935830368975,0.12337371018393899,0.12767220902612827,0.10871686226409834,0.11845846056649469,0.11184570263955859,0.11086992040706767,0.10321864594894561,0.10489288211735288,0.12138623075522466,0.10786655366361045,0.10864720303097837,0.10517308994973082,0.1065163983713299,0.09616027827948358,0.1051031627967143,0.1018776840851384,0.10692186362533365,0.09914660477960077,0.09572431397574985,0.09218618858267175,0.10202188833240586,0.0893775720164609,0.09736917180387243,0.09982213510472249,0.10076157000585823,0.09073586788857636,0.09537881377424441,0.09860976398318784,0.10034751930369384,0.09509951670737411,0.102953706333428,0.11282754781502247,0.111225520671433,0.11607168134076946,0.12252862083633874,0.11988774147843383,0.13967860447151184,0.1341598406021696,0.1374921433060968,0.14704238432235817,0.15457647734567692,0.16222211186704408,0.16587891248965816,0.1786118384896389,0.179493739706094,0.1806446534692432,0.1835090665920189,0.18158464137989036,0.18628351221568246,0.18725205755225297,0.1934278172470713,0.19219460420820125,0.19715612921527606,0.19824868651488617,0.20055783383731687,0.20095726263620625,0.18406135378459487,0.1915382650889589,0.18865608383566246,0.18770082397480353,0.18513745434428652,0.18082171351875326,0.1758974453428619,0.1704718417047184,0.17017336035261363,0.16388948485065197,0.16516640515319184,0.16026298364555805,0.16236700189476752,0.15818183932912291,0.1507901986370886,0.1547548798407905,0.15149154244360186,0.1532134736215083,0.149303438777123,0.14856019480374416,0.14558689717925388,0.14698878286718453,0.14172721871235372,0.14085730259622536,0.1449927368124363,0.14058845923750476,0.13763647585080643,0.13697581460965993,0.13504872778586233,0.13071931398504022,0.13181648063756246,0.1275461117677781,0.13090733081052539,0.13116922483397173,0.13027014495313588,0.13184298247068774,0.13085368835152134,0.12694604095753587,0.127453191969321,0.12014258431232538,0.11305757942580454,0.11085775832435776,0.11075312122432542,0.10790706217283497,0.10220093920636483,0.10413333721166991,0.10304738418178616,0.09810874704491726,0.09669798689667894,0.09594799618606716,0.09560576539071293,0.0966709699524599,0.09090740431531882,0.0926694415496078,0.08872500283164902,0.08946927586994594,0.08616085054430765,0.09207337736657352,0.09224442209510145,0.09784862204597271,0.09798132514875642,0.10806491754319322,0.11995083007296184,0.1358115323011212,0.15854315335936447,0.1767036611639334,0.19817636669815583,0.2262286916094753,0.24362831673077326,0.2722469683982745,0.293347265269237,0.32229408002274185,0.33313359584546026,0.3468980277805709,0.3688983632619143,0.3868479032624051,0.40741563055062163,0.41542251418333836,0.43218963499792395,0.4436130411544628,0.445747982139126,0.45776276288045653,0.4675128317351689,0.4673536752274374,0.4668823179525622,0.49597534953080075,0.4965156065688973,0.4984766418415708,0.5065938984918393,0.5169938188376613,0.5259065968436668,0.5253948394349852,0.5154971919696788,0.5521575826831392,0.5515301744684907,0.5493652211049423,0.539141898605905,0.5466366591647912,0.5518372636972084,0.5531914893617021,0.5477381696893893,0.5636292430962033,0.5644579804349932,0.5658852061438965,0.5679927225932418,0.547410349599991,0.5609705989773558,0.5633230840633521,0.5621526762211173,0.5632928764932632,0.5694415837745496,0.5665146097891752,0.5677616654342186,0.5587341319506526,0.562194850583138,0.5664585798414188,0.5779079308491073,0.586727512482776,0.5889660884369392,0.5746857552789993,0.574901188858165,0.59818968909878,0.5923702709106706,0.5965958940164942,0.5891028004424281,0.5965354127314703,0.5800727934485895,0.5812998784853362,0.5785840530896722,0.5634658209055942,0.5790710841926462,0.548649211750816,0.564500381659063,0.5520848467238123,0.5510695037577159,0.5700216512425514,0.5519634127109289,0.5510228933268387,0.5777684739376178,0.5708254351197656,0.5853323891298575,0.5751332067964051,0.5803233736762481,0.5857770906807092,0.6007416563658838,0.5923990257763344,0.6144873196896318,0.6095126560379016,0.6186741920603479,0.6320516729964238,0.6153325053629898,0.6206129087485021,0.6176016469377251,0.6390722871169798,0.6384380920998435,0.5866801330798479,0.6374669162739656,0.6341890118763247,0.6346013801713077,0.635890066463086,0.6404813762043634,0.6243813294753673,0.6472996685513746,0.6251001763103061,0.637628353759523,0.6456699624957382,0.6403767439813388,0.645924308588064,0.6362522386652841,0.6217995610826628,0.6181215136439017,0.6062823394135786,0.6228429680759275,0.6233723056463678,0.6523363411690327,0.6665065449741804,0.6391164060560933,0.625443290992327,0.6194869032388391,0.6692227256883932,0.664632817607322,0.6292352371732818,0.6856744402262339,0.6420610563721532,0.6577844813138931,0.6628217267797194,0.7182471133739431,0.6340409543490513,0.6799369333858888,0.6195663035874888,0.704003362404119,0.703380588876772,0.6631603018522754,0.6906406287211241,0.6530663017788282,0.6222979169396043,0.683433570256971,0.5884062182187999,0.6541913890156701,0.5861850443599493,0.6886126973463218,0.653993721660272,0.6733393994540491,0.6273764258555133,0.7527733755942948,0.7051016175860639,0.6993759414676135,0.5577867023650156,0.7093023255813954,0.7219774840920216,0.7150025087807326,0.6929637526652451,0.6781068364240244,0.6271878646441074,0.6651524983776769,0.6984667802385008,0.6741573033707865,0.7945967421533571,0.6231823847112589,0.7921267402784447
243,551,0.6880733944954128,0.6386292834890965,0.6212169480726346,0.6563833278634723,0.5360623781676414,0.5592841163310962,0.5937098844672657,0.6475047378395452,0.4149933065595716,0.39708802117802783,0.33056450245804375,0.24275029523684558,0.21901709401709404,0.1464583703177703,0.1814391599752934,0.1713032753186241,0.16822429906542055,0.1857567443987197,0.13464280057025188,0.11602049695446194,0.12955103864194772,0.11484823625922887,0.11469614921780986,0.11159935830368975,0.11055566237262066,0.11431116389548693,0.10592925041117274,0.10134779404022323,0.09320475219963216,0.10503466143827463,0.08657047724750278,0.09535716556122989,0.10418984806490117,0.10208798828877418,0.0947180744372632,0.09982530571499874,0.10393938873331385,0.10117733627667402,0.08974193131104068,0.08933889219773675,0.09327226401358893,0.08813031535964513,0.092888038006098,0.08737049216417397,0.09208469141691178,0.09452160493827161,0.09178749953486064,0.08772248236475613,0.0984182776801406,0.08733327284275474,0.08766029705262926,0.08944929410496821,0.09031276737332446,0.09042249129553605,0.09585345072422607,0.09990456877013003,0.10539710910786447,0.10946597589861186,0.11744252714124544,0.12034186171130669,0.12530652941334985,0.13504538410449413,0.13574621132760667,0.1405931569397986,0.14824137581511637,0.15808379268676234,0.1585065163790067,0.1668929622086445,0.16550202280250093,0.17749616277696878,0.17262293552300084,0.1827314917465002,0.18289653926630642,0.18207117058440406,0.18797402540739824,0.1875331679121068,0.18722740328357151,0.1884413309982487,0.1853692887618574,0.19077361757018227,0.18906302100700234,0.17942387909187946,0.18477958896232693,0.18070181019947187,0.18262285394572234,0.17274376755399798,0.1703718711436097,0.1659056316590563,0.16506214634908992,0.16239958044291877,0.15926760496914927,0.15733313019682757,0.1515814021279697,0.1488770252509392,0.15137016093953892,0.14896965068786375,0.1451433254269176,0.148058627780037,0.14168303641987853,0.14018274020954807,0.14255383682135275,0.13768223050687864,0.13654872418247924,0.13461507145997645,0.13821737527914488,0.1346059716103769,0.12917074023299888,0.13478857605301867,0.12540239008687215,0.12741693131594445,0.12878937982960173,0.1258968085983672,0.12155680718120215,0.12345338807903221,0.12475022355681656,0.12410377175962012,0.12335252150334497,0.11801796774733553,0.11786600496277916,0.11220864006528503,0.10906059429458922,0.1091390333890964,0.10701340544272482,0.10302828542565892,0.10277998135484281,0.09773408185229356,0.09658857377722976,0.09810874704491726,0.09699551916405334,0.09384913376949694,0.08713436845735863,0.08902295017773998,0.08503243600922679,0.081748800289553,0.08148856643048616,0.0856620726414376,0.08584291382643199,0.08695818973509722,0.08679943884643226,0.08783770691915702,0.09571023483073889,0.10544516196638855,0.11367241196996934,0.124466097170315,0.14844486333647502,0.1607323687125779,0.19030407579304776,0.21066249723267655,0.22966680860866592,0.25608779349979627,0.286640167748039,0.3055930637481345,0.3188666324259545,0.34366605857764626,0.35336199732629986,0.3725744233880117,0.38780343398460626,0.4075843535383697,0.4212433472992866,0.41459876307551347,0.43646156584456086,0.4369909936744084,0.454382684120479,0.45165445616294986,0.4721785397094411,0.47249478896331265,0.4793655308575875,0.4900135409614083,0.49152950898698433,0.5078008720166699,0.5129488302264481,0.5326479174599721,0.5284076762050554,0.530146211702556,0.5253122318619505,0.5416003416546958,0.5356984740710132,0.5396349087271818,0.537661627565537,0.5490899769289925,0.538878465707734,0.5324047122580099,0.5467009610314137,0.5484061264174441,0.5480242284395731,0.5496607518593949,0.554122534696859,0.5383767476939142,0.5568879789412109,0.5644862936044778,0.5573258053963677,0.553569226975712,0.5477082732776016,0.5472401726648106,0.5582679948165503,0.5589783344893713,0.5609314432843845,0.5615397152297276,0.5690271323179803,0.5863822089142572,0.5834934620612082,0.5887445887445888,0.5765737303530527,0.5926079535484694,0.5947133033037847,0.593306533636848,0.5873846353828155,0.5755525633025715,0.5635775502717845,0.5609352857817667,0.5584818900880187,0.541704285019793,0.5556245894946124,0.5321080924015691,0.5445424537978106,0.5661895729148704,0.5667481469799717,0.5571115440818314,0.5557881515595562,0.5686713768740307,0.5676285739576878,0.5751332067964051,0.5933245083207261,0.5894004541282187,0.5982694684796045,0.6063527501522225,0.6105816799458418,0.597535333102659,0.610533742164817,0.6168048124636154,0.611098566105905,0.6149061233806997,0.6247498141476525,0.600981885898087,0.6178433149353324,0.6000475285171103,0.6051901103866761,0.6089560273189113,0.6241980788570239,0.6466678641997484,0.6257152349662225,0.6281885327038756,0.6180542015987522,0.6311107549286744,0.6231368002649884,0.6030514831230822,0.6205712776726376,0.6072598253275109,0.6079743613912716,0.6169227017800536,0.6181215136439017,0.6324151988710605,0.6551984469370147,0.6150606749044163,0.6322202425426748,0.6334814458988832,0.6422189128816084,0.6286672254819782,0.636320786479025,0.6273963053328686,0.6537371976465461,0.6180653808920992,0.6546835050747657,0.6460991762235504,0.6200770906653259,0.6369975036584316,0.668242567506137,0.6622205523201202,0.6306661411115491,0.6345558109323474,0.630450772302196,0.6324972737186477,0.6803109993139721,0.6132412479161705,0.5970891901977858,0.6812524564391458,0.6560962274466922,0.6392561383117826,0.6161570059333638,0.6574778200253486,0.6970104131676185,0.653993721660272,0.6824385805277524,0.7034220532319392,0.6141045958795563,0.6843633347158855,0.7531740908112761,0.5800981704596162,0.627906976744186,0.6363191385217817,0.5895634721525339,0.5730277185501066,0.5812344312205923,0.6126021003500584,0.6327060350421804,0.7325383304940375,0.6741573033707865,0.6754072308303536,0.6231823847112589,0.8401344215074412
240,579,0.5406290956749672,0.5295950155763239,0.5734310289901242,0.4430587463078438,0.4223521767381416,0.5912432086928732,0.6578947368421053,0.4895767530006317,0.3614457831325301,0.2867857930730201,0.23732836073910832,0.24275029523684558,0.19230769230769232,0.16864903248712942,0.11195182211241506,0.10620803069754693,0.12149532710280374,0.1057384545038866,0.09240192195997678,0.09184956008894904,0.0915791824882734,0.08613617719442165,0.08273164861612514,0.0732370788867964,0.09132859065564314,0.08461995249406175,0.06969029632313996,0.0750236916921133,0.07083561167172044,0.06068669327544756,0.07547169811320754,0.06251191964569515,0.06473932306945315,0.059711842206641504,0.06871703439566153,0.06684730293415095,0.05755321524902503,0.06187704863201551,0.07033827048703188,0.06426130842293346,0.06748968696918224,0.0543470278051145,0.0631071403247536,0.061916096809257144,0.05034846437183666,0.056584362139917695,0.05767728011312189,0.059893281062833495,0.05799648506151142,0.053307322384538613,0.05788887541211366,0.053346265761396706,0.05598335287469235,0.06080133035389492,0.06440946159776037,0.06362081991331663,0.06994093876282251,0.08115580971793637,0.08045275481329411,0.08673696447871539,0.08488506831226926,0.0987381005091875,0.10431943571478455,0.10361758661312374,0.11614352806027636,0.11711443280197315,0.11959664801723502,0.13779782109721012,0.1323216655739802,0.1377464677870046,0.1403533327112687,0.14029802818193635,0.144887176167753,0.1509858487773107,0.14797955191646245,0.1473731013611394,0.14715790220204958,0.15446584938704028,0.15292103337337587,0.15241522115482534,0.15905301767255753,0.14635487947823014,0.14859897014452866,0.14284350841472337,0.14301789766833678,0.14229612507145875,0.14243702380294576,0.13272450532724506,0.12808100973535938,0.12962168347278838,0.1291837240305322,0.12949952243388785,0.11893310013117621,0.11747327773706921,0.11947223430477019,0.1145475372279496,0.11224801906773547,0.1125474675387902,0.11261261261261261,0.11086164912986171,0.11112030220310476,0.10565674150229652,0.11038369918942934,0.10394671848623181,0.10461158207401947,0.10578125849785174,0.09858485671059745,0.10444064107962095,0.09646337698990166,0.09191631762316511,0.09549127094203377,0.09565958382583359,0.09433028249581978,0.09534569704318113,0.09273467945816452,0.09508173159311652,0.09501478007690085,0.09262875955582836,0.08713061132415971,0.08670667641408389,0.0796542036863623,0.0744780805279923,0.06932857718198032,0.06629396638809808,0.0660108049264906,0.06399255359376363,0.06517526862779638,0.0644208037825059,0.06307684068337212,0.05696912273547737,0.0571819293001416,0.055677583959961086,0.054111550187689775,0.053667151335126395,0.05537446985237669,0.057425315363334097,0.05659273578186997,0.057226161627141184,0.05893393633853703,0.06329481822115726,0.07202600722855605,0.07826519785703995,0.09648937295125305,0.1187933796049119,0.13901979264844486,0.16616940444069891,0.19646499911008886,0.21896446756696922,0.24467542983993132,0.27119310916576506,0.2919352447384585,0.3048823822045342,0.31173315071620156,0.3386385509286525,0.35625248401199555,0.36452271679220005,0.38373297809354645,0.3919080322484324,0.3929339825614313,0.40734519355577614,0.40434604282585646,0.4252333884634378,0.4309075717184578,0.42911198776266,0.43591979075850046,0.4391276765779349,0.4433922013167912,0.4642010832769127,0.4609703188485641,0.46927804724299144,0.46916051545101967,0.48640954505068085,0.4846042475493134,0.4898700860785103,0.48431690342263317,0.4998641146096207,0.5061834066290841,0.4981245311327832,0.4829841739148044,0.49577031530376825,0.4966645820304357,0.4958878880574108,0.4982727262943791,0.5041622058598615,0.4992123538417164,0.4945258965040001,0.5056154127100073,0.5041480536056158,0.5007312079555426,0.5149594834890743,0.5076511140458219,0.5024041425225003,0.5132415055084162,0.5070113151643636,0.5059099179287144,0.517496973900744,0.517075517075517,0.5385743706754775,0.5222472737311922,0.5138641963756588,0.5350642858258736,0.5336481700118064,0.5323434167917227,0.5495381964938028,0.5554397832742894,0.5303433912917132,0.5516378525932666,0.5287529968143453,0.5285623770300464,0.5196032120925839,0.5112983202649143,0.4930897979026321,0.5218965792696998,0.5084992009298271,0.505380154038379,0.5134984959092564,0.5223939441728435,0.5205796395518753,0.5222943269834625,0.5395915905566087,0.5266885013720457,0.5442612453977909,0.5436838124054463,0.5531668196531233,0.5315203955500618,0.5454637710574386,0.5676196427641514,0.5482952277022172,0.5521938512468456,0.5682920744046793,0.5729931127921418,0.5749586258060835,0.5747126436781609,0.5544269510749957,0.5395831617101903,0.5762832699619772,0.5616164224388355,0.5719476499680382,0.596455942018934,0.5820010777797736,0.6054117907637787,0.5672732810477423,0.5478650809124586,0.5910402308062189,0.5879430274925471,0.5817422434367542,0.598565203996303,0.5572234352256186,0.5844094636629277,0.5681541087539624,0.5653550429669832,0.569696336173104,0.5473468507333908,0.5651908904527069,0.5632507615380195,0.5974540650894681,0.573963762720278,0.5770842736475594,0.6093865732947277,0.6029975601254793,0.5774678579211158,0.6106188100379776,0.5810800340900287,0.6259085769665644,0.5991285403050108,0.6326934664715503,0.6182380216383307,0.563591959421379,0.5666141111549073,0.6095732986909164,0.5621519386361248,0.6215921483097055,0.5831237136976904,0.5715646582519647,0.5970891901977858,0.6026464037730905,0.5467468562055768,0.6755775098067703,0.6389776357827476,0.6020278833967048,0.5542492442055761,0.584234391349843,0.6278434940855323,0.6939163498098859,0.6636291600633915,0.6636250518457072,0.5595007531740909,0.6247211066488175,0.627906976744186,0.5751346059716104,0.5519317611640743,0.6663113006396588,0.6504290063659008,0.6563593932322054,0.5678131083711875,0.545144804088586,0.7865168539325843,0.7747318235995232,0.6439551308683008,0.528084493518963
241,579,0.5570117955439057,0.4205607476635514,0.5575023892959541,0.5251066622907778,0.5035737491877843,0.447427293064877,0.49743260590500643,0.42640555906506633,0.40160642570281124,0.39708802117802783,0.23732836073910832,0.24275029523684558,0.15491452991452992,0.12426770814841115,0.10809141445336627,0.12676442373578184,0.12461059190031153,0.1286008230452675,0.09504197687311897,0.0797640916561926,0.08934554389099844,0.0840853158326497,0.08085138387484958,0.08369951872776732,0.07049926296225086,0.07274346793349168,0.06550887854375156,0.06581025587027482,0.07207834170104886,0.06418784865672339,0.05327413984461709,0.060392871522112264,0.0546238038398511,0.06163803066492026,0.04921625436446029,0.06149951869941887,0.055835208823680996,0.05769616696769014,0.060636440075027484,0.06034293595812044,0.05535670953652026,0.056550285689105625,0.048925760476494363,0.05297266060347556,0.04571110581127275,0.04758230452674897,0.053956165267114026,0.049608576233862084,0.05213825424721734,0.049337628164413394,0.05017035869049851,0.053346265761396706,0.05439891835937087,0.05924232188328223,0.056802044873615454,0.06411785756888942,0.06411252719925396,0.07171908765771122,0.07814089404279716,0.08264988238285968,0.08982546911351244,0.09829532875802524,0.10300998673091696,0.10533738058180629,0.11065310673379057,0.11835592855605767,0.12205411338745219,0.13133223418355802,0.13192190223387754,0.1357786611043331,0.1446300270598115,0.1395334612708631,0.14789781878942063,0.1539463556160815,0.15016106865233167,0.1470145293383629,0.1524768625226056,0.153415061295972,0.15050467392955277,0.15275467599035947,0.1490496832277426,0.1522483645578904,0.14827592890508404,0.14602487831260139,0.14396087281779835,0.1429175055302861,0.13998121304772254,0.13455098934550988,0.1316889255025526,0.13111158788052157,0.12859384401212792,0.12363981553642688,0.11689258125637662,0.12183490933621782,0.11773234739741917,0.1168616288891203,0.115999238213958,0.11712955273120915,0.11345932398563978,0.10862766123807609,0.11139603496291395,0.11222607258015953,0.10547775700323248,0.10774633743873115,0.10650868330334107,0.10877250231141568,0.10076956267648328,0.10307361698172016,0.10197556996075319,0.10127306851893642,0.09879356273253638,0.09840842244151846,0.10285575992255566,0.0981013530270881,0.09632262836577207,0.09563453235819279,0.09362567510501633,0.08983873667764077,0.08910444394315362,0.08330641459392374,0.07679921430692278,0.07705616793088434,0.06702721362407227,0.06571999265313619,0.06687936814920759,0.0634108031065476,0.06400093946333157,0.061465721040189124,0.06039905027700254,0.05996749761629197,0.057787029081095474,0.05292429684106191,0.05256550589661293,0.0542911879785581,0.05002579946890849,0.05456991294195284,0.05468511547461593,0.05946405621591207,0.05701217754488908,0.06361775096718357,0.06943047543653601,0.08186736177514639,0.09814158824151423,0.11712493326214628,0.14305910865760063,0.16752866337272918,0.19133089634588793,0.21723489041399158,0.23943986429414105,0.2631135217165259,0.28063908049223035,0.29813090754033117,0.31315984705815214,0.33289282790123104,0.3457744697763486,0.3550070635426045,0.3715216104203671,0.3818303971334727,0.39029177518589814,0.3981827899518974,0.40705458091177127,0.4072050604732828,0.4126049417101022,0.4166331213267853,0.43429018406407616,0.4387157369188561,0.43293483807818767,0.43584969532836837,0.4562357964327525,0.4491411161112959,0.4633518614501975,0.4646503109757203,0.4795322715997012,0.48190852636212916,0.4814567642291924,0.49598167488449746,0.4879824483732279,0.4886221555388847,0.4976660827654641,0.49525762624967956,0.4940587867417136,0.4958878880574108,0.4950441773119101,0.49269155978937706,0.5047591577732911,0.48777468972578847,0.48678323593864137,0.5000870221036143,0.5013161743199765,0.4928812669316053,0.49795849134327635,0.49870546171865365,0.5032148094301077,0.5012643355214427,0.5039464900454206,0.5066166170250385,0.522734346263758,0.5156090261212274,0.5084433810334514,0.5162034871027105,0.5397509803002609,0.5147579693034239,0.5189163573177474,0.532788846528099,0.5450202779603417,0.5351867099336466,0.5378265956063953,0.531216131892673,0.5210591256211025,0.5212902355084689,0.5181613849664567,0.5095839988888117,0.49526920277634773,0.5075911666424524,0.48859631128433695,0.5115824567454159,0.5174656994164959,0.4982545867835687,0.5139208708394389,0.5255902119593314,0.5222625475790033,0.5454046513755174,0.5389561270801815,0.5362577902314121,0.5401730531520396,0.5403896894662066,0.520751965838671,0.5376487184264459,0.5399831764035493,0.5585895267928922,0.5602912950208875,0.5378645209153684,0.5446903413964659,0.5459624174707973,0.5313452508443859,0.528754752851711,0.5551610612613775,0.5568078592335901,0.5652460380760828,0.5496676845697862,0.5721879729779615,0.5729840858905048,0.573211152271398,0.5770155473633595,0.546538588936734,0.583873167405387,0.5831609524228687,0.5299308588064047,0.5608445659345839,0.5974152645696171,0.5326900849288909,0.569696336173104,0.5500431406384815,0.6095195877431152,0.5862405885395712,0.5794403746847604,0.5832712831968231,0.5803082081372106,0.5992862433506162,0.5611711397699547,0.6101547178034431,0.5957256683297342,0.5927016347718292,0.5855273784525925,0.5823697000167588,0.5853490574158561,0.5727793435766888,0.6199511553635169,0.5567599527000394,0.574597781552913,0.6251970158663445,0.5616139585605234,0.5488223187742969,0.5715646582519647,0.5659907948749845,0.6484999344949561,0.5809185347184254,0.6101990411157926,0.5781226228510573,0.6099493029150824,0.6130332549546523,0.653993721660272,0.6733393994540491,0.6178707224334601,0.6141045958795563,0.6843633347158855,0.667097051861416,0.6024096385542168,0.6395348837209303,0.5873715124816447,0.5393878575012544,0.5330490405117271,0.6504290063659008,0.5980163360560093,0.5515898767034393,0.5621805792163543,0.5430711610486891,0.5959475566150179,0.519318653926049,0.528084493518963
243,579,0.5242463958060288,0.514018691588785,0.3504300732717426,0.5743354118805383,0.5360623781676414,0.5752636625119847,0.4653401797175866,0.505369551484523,0.38821954484605087,0.3198764615045224,0.2458043736226479,0.2493111140270306,0.19764957264957267,0.1331439730161548,0.13897467572575664,0.10620803069754693,0.10903426791277258,0.09716506630086877,0.08712181213369238,0.1039350285217055,0.09828009828009829,0.09844134536505332,0.06956979542719614,0.07846829880728186,0.06569249503300648,0.062351543942992874,0.06272126669082596,0.06054543540065284,0.06089377143709301,0.056018486100413135,0.05660377358490566,0.0466190587188235,0.056646907685771505,0.057785653748362746,0.05293068865611767,0.05971692395450818,0.04982218633497689,0.05017057997190447,0.05659401073669232,0.047020469577756185,0.0485319097306479,0.04479957697448628,0.04963482946890733,0.04815696418497778,0.04769854519437157,0.041795267489711935,0.044653378152094365,0.044768715137875545,0.04159343878148799,0.049337628164413394,0.04575977770671842,0.04203039120594892,0.04806118029808495,0.04884893207919763,0.05274475595407149,0.05119487852399698,0.057312713708423994,0.061338693391463535,0.06796870665261055,0.07265923725965687,0.07635164874648558,0.07837059995572282,0.08686011592988337,0.0941587197853697,0.10136162448896846,0.10345797950704341,0.10608058848104066,0.1188051595383571,0.11832994867038713,0.12475894368137273,0.1224689745264533,0.1292118079713746,0.13359726633649954,0.12915211084137607,0.13052741802950865,0.13518165258673856,0.13829296833445623,0.1373029772329247,0.1384228767104373,0.1384975728979259,0.13237745915305102,0.1362049885077041,0.13406211436952042,0.12948175484363567,0.12981624557587493,0.12738299405960282,0.12125565603914562,0.1223744292237443,0.11124406948845768,0.11651052468473623,0.1114873234784045,0.10986950432739355,0.10727299227517854,0.10496993381950988,0.10381325213861099,0.09805963414210837,0.09984014035330713,0.09908759228605958,0.09850075639549324,0.0999709581574068,0.0978851297322635,0.09771879978321207,0.09784629138025958,0.09417626975123353,0.09051883008477332,0.08973731440691793,0.08902676810984701,0.0885831615439717,0.08433655245402831,0.08200916961587786,0.08173172181493957,0.08301492619368317,0.08525477426735897,0.08432307310755326,0.08197083273534185,0.08043251131859566,0.08001244638054808,0.07895764745270911,0.08064516129032258,0.07055543276832317,0.06880524404449216,0.06416573091642414,0.05810942983717853,0.05624942602626504,0.05298235658573588,0.05323016958026702,0.05167048323645118,0.051122931442080376,0.05682866306850978,0.05277139790233693,0.05022328181917198,0.04497035627535318,0.04730895530695164,0.04461862000536671,0.046879522772750724,0.046320972613518106,0.048962254552853794,0.04827458327205765,0.048684556105747984,0.05522149957049945,0.05937278974245836,0.06975099223242472,0.0842629798033203,0.10411105178857448,0.12791167362326644,0.15189718565438123,0.17558631453567175,0.20443601948195705,0.2237331676567703,0.24800820605055715,0.2658128649190559,0.29031341056072774,0.3056696912629116,0.32355602798167116,0.33168334718358206,0.3542750902157125,0.3663410301953819,0.37324574499850705,0.3884044842033744,0.38978391998167516,0.40821538294859194,0.4048535394310887,0.41539012453746066,0.4162305772482087,0.42654955226556074,0.42676948680557275,0.4383726669622615,0.4443127962085308,0.4497796295021004,0.4622738972841408,0.47362871083626745,0.4705434368710221,0.4647774324735565,0.48050354523570893,0.47430641624559056,0.5003494195752611,0.49486929744301134,0.4816204051012753,0.4895657192616519,0.4880799794924378,0.4940587867417136,0.5027678694285381,0.49988700078561354,0.4986999934453451,0.5008763950211889,0.49002509198519234,0.495913988312637,0.51168996925219,0.5059959052354489,0.5072022722661798,0.5124974253970946,0.500554802120577,0.5000814669056363,0.5038185486960742,0.49805620639553905,0.5147768846818176,0.5121240415358063,0.5044967626272354,0.5161122103099741,0.5201023049811297,0.5155363921825936,0.5367965367965368,0.5323434167917227,0.5280033179664694,0.530593270602568,0.5311506110653686,0.5321396074353307,0.531216131892673,0.5377330176409777,0.5179161886766989,0.5258823327556921,0.5052434196819223,0.49793194042568295,0.5075911666424524,0.48393413274154745,0.5000862217623728,0.5184513483677654,0.5053580126643935,0.5118275068034331,0.5363605031880062,0.5244755244755245,0.508815660088271,0.5330465204236006,0.521764336441374,0.5451174289245982,0.5594174954333265,0.5611102431911681,0.5602725506374597,0.537269693105039,0.548886979181105,0.5631139211922773,0.5549848770187753,0.5718533767941899,0.5586592178770949,0.5285992805557843,0.5510337452471483,0.5809825059712092,0.5803586448205094,0.5895204078094115,0.6053529728758756,0.5481929934659825,0.5539480697479631,0.5868590368492884,0.6010578618368329,0.5775919178535939,0.594527787248551,0.5457506271730997,0.5708697234352256,0.5655575454802526,0.592538405267008,0.572893110206543,0.5932159096848377,0.5581320103537533,0.5845846955172604,0.609230415541123,0.6034586285577039,0.5398361876396128,0.567412470178606,0.6060197966466905,0.5263157894736843,0.584731604561633,0.5659393849132475,0.5694584334082281,0.6057179777095785,0.5907491201608849,0.6197813549109065,0.5818710791890173,0.5448055607739997,0.5863224280646433,0.5646047766563406,0.5516444257644215,0.5943293347873501,0.6117082094671851,0.5537032626815909,0.5659907948749845,0.6091969081619285,0.5467468562055768,0.602934766816795,0.5857294994675186,0.6495564005069708,0.6130332549546523,0.5929543076386466,0.6005459508644222,0.6178707224334601,0.5744849445324881,0.6428867689755289,0.5702603830428233,0.6024096385542168,0.6744186046511628,0.5506607929515419,0.6773707977922729,0.6663113006396588,0.6227511763077774,0.4959159859976663,0.6651524983776769,0.6303236797274275,0.5243445692883896,0.6555423122765196,0.6439551308683008,0.528084493518963
242,579,0.5570117955439057,0.40498442367601245,0.47785919082510353,0.5251066622907778,0.5360623781676414,0.5113454777884309,0.5295250320924262,0.4421983575489577,0.428380187416332,0.29781601588352086,0.2458043736226479,0.22962865765647555,0.16559829059829062,0.11095331084679567,0.12739345274861025,0.11991229272303687,0.11214953271028037,0.09144947416552354,0.09768203178626116,0.0797640916561926,0.09828009828009829,0.0840853158326497,0.07145006016847172,0.07498081886029155,0.07049926296225086,0.06680522565320665,0.06969029632313996,0.055280614931030855,0.05965104140776458,0.057185537894171745,0.05549389567147614,0.05615477527494649,0.06069311537761233,0.058748747977502125,0.05478790580194636,0.05526043709223145,0.060989228099713085,0.0526791089704997,0.05901946833969342,0.04937149305664399,0.056115020626061635,0.05214376992112337,0.04963482946890733,0.051596747341047626,0.049685984577470386,0.049511316872427984,0.04899467880577021,0.047188645685868814,0.05038078500292911,0.049904727338716995,0.04575977770671842,0.05119086108416855,0.05598335287469235,0.04988827105960609,0.05477340041384347,0.055171179768579263,0.05634131178116257,0.06369787390651983,0.06935582311490872,0.07447571819114829,0.07904641281989096,0.08634049147664379,0.09340736084922131,0.09716835923056417,0.10178396459100583,0.10552713909718428,0.11713918264701786,0.11920925872046036,0.12872379551305627,0.12672675036404424,0.1255792976890299,0.1292118079713746,0.13698423928587558,0.13729350464799575,0.1385263127276958,0.13840880079172702,0.14680330484734586,0.14220665499124344,0.1377324882979164,0.141213211582199,0.1470490163387796,0.13915173104753423,0.13600036180618819,0.13711704259854293,0.1342167962733622,0.13328610841846247,0.12493937217198044,0.12663622526636226,0.11966253961190852,0.11561658204009631,0.11532154359803216,0.11572921122485454,0.11252004081037749,0.1102038917384882,0.10787298825576337,0.10471264766797413,0.10387991481846985,0.10853814299542364,0.1038632617579986,0.10360118848155843,0.10477844872749331,0.09853996616794494,0.0997541577860028,0.0960760792274832,0.09458404700474816,0.09626366454560287,0.09039220933852565,0.09159061455935345,0.08957313577633726,0.08861393495406937,0.08778592343086102,0.08493911322466258,0.08607982046994632,0.08762986028824161,0.08942272662037293,0.08596051896935825,0.08862489720623208,0.08202667261871548,0.07782540040604556,0.07735595640864347,0.06851974510654821,0.06416573091642414,0.06156147517404062,0.05768436036366976,0.05790421484779877,0.05613892201634719,0.05930362280547238,0.05703309692671395,0.05206814679051943,0.050372697997685255,0.050828381600125865,0.049253247349196345,0.047927373023382375,0.048050821544241076,0.05034042713852427,0.0529835782634077,0.052141621731610535,0.05115187631476307,0.051246901163945244,0.05748202879268364,0.06586161922250845,0.07531797283313467,0.09021095484826055,0.11278697277095567,0.13430725730442977,0.1607323687125779,0.18482769951123343,0.2061655966349347,0.2366475626697196,0.2648699537707083,0.2802860753595357,0.29706488522493074,0.3174399360840039,0.3249924587385265,0.3414387397478051,0.35976489016740226,0.37300177619893427,0.3777246939384891,0.3872721096138602,0.4111628617240589,0.41131085504678033,0.41661114464205934,0.4213583734532288,0.4258916351340472,0.43591979075850046,0.4255336678283365,0.43711778337362905,0.44558226134055523,0.45365332966049166,0.46665149100842246,0.46916051545101967,0.46827684998821373,0.48368207010392933,0.48190852636212916,0.48384021355705975,0.4828784408122064,0.4879824483732279,0.48562140535133785,0.4986786282034406,0.4937195590874135,0.5029184907233688,0.48900790668628347,0.5074202817447079,0.49105289606502217,0.49754831266224403,0.4939632959391491,0.4936313002191381,0.5053083483204733,0.5019011406844106,0.49586480970964164,0.5058337472890946,0.5110343977314757,0.5094814944790504,0.5082884217516794,0.5065643938898124,0.517496973900744,0.522734346263758,0.5178314788200258,0.5222472737311922,0.539596394373226,0.5381887488087985,0.5242030696576151,0.5394518600426507,0.5367767869961237,0.5482262795954026,0.5408372483492356,0.5443260106590406,0.5443528523104206,0.5352319338379965,0.5406910047911465,0.5224508004049208,0.506979651364678,0.5085828910230238,0.5048670637803283,0.5035152826212632,0.5115824567454159,0.527322188929191,0.5043432375385615,0.5233410090014654,0.5385145614337412,0.5244755244755245,0.5374008095314322,0.5247730711043873,0.5084786704671723,0.5290482076637825,0.5568804546377105,0.5506952038743946,0.564264991615874,0.5549073345453559,0.5558173703323815,0.549000790335328,0.5735319294641329,0.5647052095842626,0.5360871282658992,0.5340912211329873,0.5332105513307985,0.5583887418501066,0.5652188540860613,0.6137947775427403,0.5981677743847673,0.5703422053231939,0.5691768826619964,0.5712614544745565,0.5870331783939734,0.5858728055647565,0.562563927719059,0.5633554861141675,0.5572234352256186,0.5773399943444245,0.5657156791026579,0.5653550429669832,0.5749229080646004,0.5635245901639344,0.58181415193661,0.5575033047876314,0.5734358112165245,0.5925788036733681,0.6189954220130247,0.6060197966466905,0.5611711397699547,0.6137865911237017,0.5845558120485517,0.5965755016657628,0.6016798578581812,0.5656108597285068,0.5767409830420934,0.600054550413674,0.5682885590832237,0.5813953488372092,0.5795942840011992,0.6094357465587895,0.5343511450381679,0.5431054196203979,0.5894260538223386,0.5473317576813036,0.6484999344949561,0.6219245489338436,0.5884062182187999,0.6085501293169024,0.5465779467680608,0.663419549882432,0.6452738053714684,0.5641492265696088,0.6749049429657794,0.6438193343898574,0.6843633347158855,0.6778566817301485,0.5689424364123159,0.6395348837209303,0.6118453255017132,0.6021073758153538,0.6529850746268656,0.7749792416274564,0.5688448074679113,0.600259571706684,0.6303236797274275,0.5805243445692884,0.7350019864918553,0.6231823847112589,0.7201152184349496
244,579,0.5570117955439057,0.43613707165109034,0.47785919082510353,0.5251066622907778,0.37361923326835605,0.4953659316075424,0.4492939666238768,0.3790271636133923,0.38821954484605087,0.26472534745201853,0.22885234785556874,0.20338538249573548,0.15491452991452992,0.128705840582283,0.12739345274861025,0.14389475126764423,0.12149532710280374,0.09144947416552354,0.08712181213369238,0.09910084114860292,0.08264462809917356,0.07793273174733388,0.08837244283995185,0.0767245588337867,0.07049926296225086,0.06086698337292161,0.06969029632313996,0.06449405075286933,0.07456380175970573,0.07235721121303364,0.058823529411764705,0.05403572715136361,0.05765845960873171,0.059711842206641504,0.06314538295817547,0.05526043709223145,0.05239919597299293,0.04682587464044417,0.05740249660435935,0.054073540014419615,0.05308177626789614,0.057284704983769336,0.05530738140821102,0.055036530497117465,0.05432334313803429,0.04822530864197531,0.053956165267114026,0.04839861095986545,0.04745166959578207,0.04820342981580619,0.047413745575635956,0.05065200991486152,0.051758194167168405,0.04988827105960609,0.056802044873615454,0.05964451866873434,0.062169723344731115,0.06888807103964367,0.07213005603950506,0.08128752168424112,0.08937634176794489,0.089882665485942,0.09733570780082408,0.10060794716792927,0.11656586816231373,0.11090695403155054,0.11754876020872072,0.12850353990883523,0.13112237555367223,0.1318430477389901,0.13568784796740382,0.13074094179352105,0.14262919420150233,0.1384036947125348,0.14252576007678938,0.140560232928386,0.1453849154285309,0.14816112084063046,0.14739792607320878,0.14528666960860856,0.14938312770923642,0.14668229531598903,0.14246118659508072,0.13775331657811854,0.1373600467715674,0.13639301071259913,0.13169285174884424,0.13059360730593608,0.12236847643730345,0.12247014231566902,0.12004058374526622,0.11250637243125099,0.11426905698877715,0.11194854437814765,0.10642308249963753,0.11165492265148623,0.10878535524045314,0.10882452331994982,0.10499221025536816,0.10443893394097804,0.10505418148730251,0.10127718745038786,0.10247968122277884,0.102861113071232,0.09837824946339137,0.09898297710338826,0.09148456232146855,0.095965091672636,0.09039996472196499,0.08916433206558533,0.0897122603086542,0.08961213887132687,0.09103009768547039,0.08542533550111604,0.08500678950331748,0.0807089117011338,0.08390194030182473,0.07951565202834664,0.07697947214076246,0.0779226667120035,0.0679487472306603,0.06502509338405482,0.05954778206087107,0.05969326843603637,0.055298525179647826,0.05642979725995521,0.05460630614761318,0.05585106382978723,0.05563853399901219,0.053371072878499855,0.05203858116203362,0.04680588102128597,0.046072119874090156,0.04742678490080938,0.04436250141582451,0.04822457422777228,0.0476905076813511,0.04795488404509038,0.048684556105747984,0.05554443231652576,0.059697231216460866,0.07073340057372647,0.08360209368721583,0.10644687666844634,0.12757506395583681,0.1529166298534039,0.17490176750044498,0.20201461146778835,0.2254783561720337,0.251521070158922,0.2756970086345055,0.2935114775069292,0.30281629857901043,0.3206831664679604,0.33890956389782134,0.3491512769274687,0.37485198342214326,0.3743654822335026,0.3895368587928887,0.3874933190807055,0.41131085504678033,0.40994850168917596,0.4181753073648191,0.4242814588197408,0.42654955226556074,0.4391276765779349,0.44464708490542365,0.44135071090047395,0.45064045175952067,0.4688402878705633,0.46647959821987095,0.4796097844022557,0.47676573926354904,0.48518681565710964,0.4928973210029554,0.49209923515937415,0.49093395511742083,0.47661915478869715,0.4931096282945697,0.4947449371955909,0.49979153637690227,0.4995924934110948,0.5041917327622388,0.5008848784111517,0.5008763950211889,0.5024023044119136,0.5010500365230095,0.5006671694610431,0.5083357706931851,0.5083956893773943,0.49977585810000363,0.49993835531993586,0.5163748480328876,0.5057342085770479,0.5078733458120083,0.5154569069865492,0.5283931754519989,0.5074600328923,0.5176459761652786,0.5107451420729234,0.5311587070972177,0.5454545454545454,0.5110180870389385,0.5447526679321731,0.5394097750989852,0.5537527647277248,0.5467632913037827,0.5303950868665638,0.5318971554340214,0.5238207706322964,0.521592917317228,0.5061115355233002,0.5103580494559139,0.5039590294929537,0.5035152826212632,0.5173305742369374,0.5174656994164959,0.526668290306868,0.5338078291814947,0.5363605031880062,0.5322209436133487,0.529396967687347,0.5200453857791225,0.5398811536789216,0.5352286773794809,0.5391211690683986,0.5559027235327814,0.5616033642969311,0.5589775594931213,0.5475009009508497,0.549000790335328,0.5435713062831707,0.5504088751644078,0.5614807290784944,0.5244803251228821,0.5391516159695817,0.5632302627332,0.5551256602630958,0.5843187571522697,0.5802047781569966,0.6164863966923844,0.5672732810477423,0.5849093390524469,0.5970508094245872,0.5631003643590593,0.5796113194681214,0.5787597376876018,0.5776928675400291,0.5632010557074182,0.592538405267008,0.5904819337655158,0.5540166204986149,0.5958800690250216,0.5762730647753089,0.5919880452899592,0.5944517833553501,0.5894762968478531,0.5899800116061642,0.5757188068143559,0.6099686301847334,0.5919953512021501,0.6106188100379776,0.5965755016657628,0.6097560975609756,0.5739902798726328,0.6068692433502625,0.622783889444495,0.563591959421379,0.5666141111549073,0.5845907864494854,0.5831669643795313,0.5834242093784079,0.6002744111593872,0.6132412479161705,0.5535514367458639,0.5829948906065767,0.5945872061235649,0.6683132355077728,0.6617982656321314,0.5861850443599493,0.6382264024185421,0.6627136379490757,0.5914467697907188,0.655893536121673,0.6240095087163233,0.653255910410618,0.5917796427802884,0.680499776885319,0.7674418604651163,0.5751346059716104,0.6021073758153538,0.5863539445628997,0.7196235815112094,0.3792298716452742,0.6164828033744322,0.596252129471891,0.5430711610486891,0.45689312673818033,0.7270461154964686,0.6481036965914547
241,580,0.5406290956749672,0.43613707165109034,0.47785919082510353,0.5415162454873647,0.4061078622482131,0.3994886545222116,0.561617458279846,0.505369551484523,0.40160642570281124,0.2757555702625193,0.26275639938972706,0.23618947644666055,0.18162393162393164,0.14202023788389845,0.13125386040765905,0.11991229272303687,0.09657320872274143,0.10002286236854138,0.07656159248112361,0.0797640916561926,0.08934554389099844,0.08203445447087776,0.07709085439229843,0.08195577875427217,0.06248798308017689,0.07274346793349168,0.05853984891143757,0.07765610192692429,0.06462196152507829,0.07469131480055084,0.06326304106548279,0.06992858807823525,0.05867001153169192,0.06356421912319901,0.06778842582274719,0.0561517344646868,0.06270723452505712,0.06271322496488059,0.06710432701636375,0.06269395943700824,0.06748968696918224,0.060956801457087886,0.06381620931716656,0.059852226915615245,0.06624797943662718,0.061085390946502054,0.055816722690117955,0.059893281062833495,0.056824838898652606,0.059545413301878236,0.06009416590400371,0.06035133096238819,0.05915222190533532,0.06547835576573299,0.07049539497707631,0.07157342240248121,0.08014065899906744,0.08162764582094763,0.08785070927888437,0.08900756564307967,0.09117285115021513,0.10228027451848572,0.11130316362874502,0.11608609288607225,0.12205628948879953,0.128701726506762,0.1228732685108579,0.13577732518669383,0.14031693237603338,0.14207564248888188,0.14229728468787908,0.14832598074820516,0.14827414911712905,0.14839540529338624,0.1508882408976214,0.1527516817027868,0.14964008368497572,0.14921190893169878,0.15533739281719897,0.1510574018126888,0.15505168389463153,0.15683218628651507,0.15215242377841956,0.148251837241116,0.14741844836582407,0.1444709566773544,0.14489283455816895,0.1385083713850837,0.13710079915334245,0.13587928198526783,0.13390276417776625,0.1315504198479992,0.12622066754117475,0.1273596426951394,0.12150210236334638,0.12438242678792508,0.12436734246322363,0.12113887727457573,0.11938630359682992,0.12035609766995063,0.12049521603661732,0.11824795940153393,0.11201901325149495,0.11290296315998025,0.11382607375929579,0.11013215859030837,0.10950838654002654,0.10416723626004079,0.10390483750055121,0.10705223818985399,0.10402219140083217,0.10143214491877181,0.10010560591393118,0.10168370580616716,0.10432651439043508,0.09535813197565465,0.09807081101504678,0.096534791585291,0.08995037220843673,0.09039029338592405,0.08393668775552156,0.08163943442491464,0.075944997410966,0.07232069060519791,0.06948505781735853,0.06602868029901975,0.06605601550114497,0.0644208037825059,0.06337437295074651,0.060867010080536355,0.06141762776681875,0.05537166316897229,0.05813126534448959,0.05117100476139959,0.05789149120930291,0.055204446813370896,0.05881829280699969,0.06170195080468295,0.06149628139673429,0.06458654920526251,0.07105268280654853,0.08284977011644815,0.09648937295125305,0.11478910838227442,0.14810825366904537,0.16514996024167622,0.2005722813214496,0.2224236218729245,0.24467542983993132,0.2697879635224191,0.28311011642109274,0.29919692985573165,0.3199366546824174,0.33217461252280334,0.33854825306210934,0.36671863677287597,0.3700414446417999,0.3792176769184832,0.3970860227229834,0.39131098724898833,0.40511991085040355,0.4130838630787681,0.41897107388692156,0.42186619434828115,0.42736435561277286,0.43789185760069865,0.42498724201684895,0.44642857142857145,0.44375387370015834,0.4504543942285804,0.46513913960429665,0.47235670637726884,0.46938831970047673,0.4828451804464093,0.48002669463247205,0.4901580152968125,0.48453902383833614,0.47961990497624407,0.4804528103198631,0.47628813124839786,0.49510110485720243,0.4958878880574108,0.48858707934697215,0.4812209137188927,0.49311086951698435,0.4973388993282549,0.4793644996347699,0.4861634855253234,0.4978063761333723,0.5089923979330016,0.50219901377564,0.5079521637282702,0.4988281298958477,0.504457101989732,0.5052554419676165,0.5011764385871856,0.4951475539710834,0.5126457558561629,0.5115109127440605,0.507626087770188,0.5155363921825936,0.5249901613537977,0.544980649237817,0.5423599036513583,0.5297917701938027,0.5392228088019244,0.5321396074353307,0.5180794114749253,0.5152232634141461,0.5229772589243539,0.5258823327556921,0.4991666087922772,0.49793194042568295,0.5012349266308296,0.5044477183298212,0.4991282021804526,0.5056379120012616,0.4982545867835687,0.5149675528574419,0.5169739789763915,0.5067717093033549,0.5316837796428,0.5212273071104387,0.5374655780472486,0.5142150803461063,0.5302415262837427,0.5402801645576212,0.5482952277022172,0.5304859848587632,0.5530452138718709,0.5391215987354635,0.5521314843348742,0.5675644764682335,0.547373173071497,0.5491940577202954,0.5525190114068441,0.5390226583177329,0.5685832520270497,0.5912542913617921,0.5568528830608945,0.5592675993945883,0.5863092971902839,0.5400662897250926,0.573008494951114,0.612785690626035,0.5476474599386294,0.5655560934818009,0.5890647743813683,0.5490621170704119,0.5681541087539624,0.5578169757274235,0.5304970469868813,0.5743097497842968,0.5707319776140078,0.5747456750387953,0.5914495016212321,0.6080913378009432,0.5964278805854665,0.555518146926133,0.5995120250958522,0.5338853780780127,0.57710924119443,0.561710699620361,0.5976417380067841,0.5991285403050108,0.5509167599208057,0.5864169469951814,0.5823783580687583,0.5666141111549073,0.6045767962426302,0.6357045287380477,0.5943293347873501,0.5602561170820947,0.5894260538223386,0.5722104739395447,0.6222979169396043,0.567249863313286,0.6319918640127852,0.7226532785638217,0.6178707224334601,0.6298286865972456,0.6103941402162539,0.5641492265696088,0.6368821292775665,0.6041996830427893,0.6428867689755289,0.6778566817301485,0.6581883087907184,0.5813953488372093,0.6118453255017132,0.6397390868038133,0.5996801705756929,0.5673955161915305,0.6563593932322054,0.6489292667099286,0.5621805792163543,0.7490636704119851,0.5760826380611839,0.4777731616119651,0.600096015362458
243,580,0.45871559633027525,0.4984423676012461,0.44600191143676327,0.49228749589760423,0.4548408057179987,0.3036113774368808,0.49743260590500643,0.6001263423878711,0.34805890227576974,0.35296712993602475,0.20342430920494997,0.19682456370555046,0.16559829059829062,0.1331439730161548,0.1544163063619518,0.10963409620391942,0.13707165109034267,0.11716963877457703,0.10560219652568774,0.08701537271584646,0.09381282108554836,0.07178014766201804,0.07521058965102285,0.06800585896631094,0.0608857271037621,0.06086698337292161,0.07387171410252837,0.06581025587027482,0.05468012129045086,0.06418784865672339,0.0732519422863485,0.06569049183106948,0.06372777114649295,0.059711842206641504,0.06221677438526112,0.05258654497486541,0.054117202398336964,0.053515285303364774,0.06306189767802858,0.05955926146515783,0.051565154088813396,0.056550285689105625,0.04963482946890733,0.053660617234689525,0.05498582293240056,0.05401234567901234,0.04899467880577021,0.04839861095986545,0.050966608084358524,0.052173124035931405,0.04686242295266344,0.04472464705248411,0.052286339005608896,0.053525957491035704,0.059337850448330426,0.05865044335758877,0.0616840223811004,0.06700072662759864,0.06935582311490872,0.07901692051987684,0.08219030423886389,0.08678326322780607,0.0916614288707312,0.09888815319924672,0.11107544683582794,0.11049312211352237,0.11795833777042358,0.12365434972359617,0.125525688792235,0.12987524105631862,0.13335510559547137,0.13494605980442378,0.12757598109316434,0.13877375806738115,0.13816272660505094,0.13840880079172702,0.14786709691145705,0.14115586690017512,0.14325559559808348,0.1456261244441427,0.14138046015338446,0.13751465185873973,0.14052293915841296,0.1444341933636624,0.14113194736941365,0.12769368428901648,0.13046494637123263,0.1308980213089802,0.12717903079356108,0.11800042909246942,0.11650130363484068,0.11660816725947369,0.1139775542923772,0.1102038917384882,0.11019283746556474,0.10615895495620582,0.10936246587833354,0.10968366429352837,0.10499221025536816,0.10611442485981726,0.10091819009016462,0.10100346532214356,0.0992090530986476,0.10476092254748166,0.0981072350020597,0.09571980203404579,0.09011912109278992,0.08803635190481138,0.09288045155884816,0.08806353784255341,0.0880611144134029,0.08136562302427225,0.08772991287512101,0.08762986028824161,0.08583477771276538,0.08706612049951078,0.08668015024559375,0.08174767033089672,0.07782540040604556,0.07338898428512329,0.07051823767215586,0.06874899741045443,0.0606984638398251,0.05854532096611259,0.055298525179647826,0.05584804677273917,0.057248546767658975,0.05230496453900709,0.052663211325268224,0.051871885438092555,0.05324878072394138,0.04711180181227476,0.04854579073981311,0.04524265664879842,0.046879522772750724,0.04917637503489936,0.04928019127072947,0.048913981725992185,0.051246901163945244,0.05715909604665732,0.05839946532045085,0.07597291172733585,0.08624563815163372,0.10678056593699946,0.13599030564157802,0.15359625931941903,0.18482769951123343,0.20201461146778835,0.2362985249666669,0.25643907991063275,0.27251996244025384,0.29528818136592994,0.3135165211436398,0.33037907407673417,0.33746432055497344,0.3542750902157125,0.37855239786856126,0.3743654822335026,0.38651719322085076,0.39703748950141254,0.40937618498541256,0.4013262578677975,0.41777742410376795,0.42830689960550683,0.42573474891834856,0.4230620298738641,0.4413007286690705,0.4400812457684496,0.4463363404724192,0.460085100422,0.4678200568354453,0.4759832453897623,0.475382473095473,0.4814401993199891,0.4928973210029554,0.4853049656404084,0.4776521747685527,0.5001250312578145,0.4900719919806401,0.4932068700333248,0.4878048780487805,0.489537136022524,0.49289181132359744,0.5014310996526032,0.4859000244059373,0.48271128464212976,0.5039033966398831,0.5047282009630446,0.5118455688797894,0.5000417695988926,0.489477446478549,0.49870546171865365,0.48754809680775063,0.5038185486960742,0.5052554419676165,0.5086566839392332,0.5128313951843364,0.5222763842176226,0.5161122103099741,0.5216618321324974,0.5178797394197873,0.5257772530499804,0.5244451465129137,0.532788846528099,0.5313947710113331,0.5263072924234352,0.545950864422202,0.5246477716837992,0.5343982392370027,0.5120116067211012,0.5224508004049208,0.5156608097784569,0.5023698365079083,0.5094072352172018,0.5128396397068422,0.4952961238527716,0.523379593124113,0.5104318882935541,0.5243876910194682,0.5266672410821989,0.514517128441179,0.5236799377987148,0.5377742057488654,0.5495434562056137,0.5364647713226205,0.5454637710574386,0.5441858043014113,0.5589417369779883,0.5549073345453559,0.5239375710365093,0.5631139211922773,0.5578382697026765,0.5575570423743352,0.5445516618700976,0.5272262954114836,0.5465779467680608,0.556774901555742,0.563536655115567,0.5721815722856053,0.5712232800431112,0.5814168112517997,0.563466077819234,0.5946578280366543,0.5710049687449912,0.5382577012255714,0.5710876235935902,0.561154878746534,0.5776928675400291,0.5702705250259213,0.5827846866617897,0.5678677320468365,0.5775361940103486,0.5958800690250216,0.5707319776140078,0.5977355020403471,0.6064609102918218,0.5925788036733681,0.5996518150751177,0.5891859134065046,0.5646566747995818,0.6101547178034431,0.5696626703403084,0.5927016347718292,0.5976417380067841,0.5823697000167588,0.5810450202289748,0.5636876079643605,0.6246477550253616,0.5616870319274734,0.5446187668631958,0.6409582851738993,0.6324972737186477,0.5831237136976904,0.5834722552988807,0.5162333623585023,0.6091969081619285,0.5604155276107162,0.602934766816795,0.5933363760839799,0.6099493029150824,0.6298286865972456,0.6278339727938611,0.6369426751592356,0.5703422053231939,0.6240095087163233,0.5703027789299047,0.5702603830428233,0.7697456492637216,0.6511627906976745,0.6240822320117474,0.6146512794781737,0.6263326226012793,0.595073346249654,0.6417736289381564,0.600259571706684,0.6643952299829642,0.6179775280898877,0.6158124751688517,0.6024096385542168,0.6481036965914547
244,580,0.6553079947575361,0.514018691588785,0.38228735266008285,0.508697079094191,0.4223521767381416,0.41546820070310003,0.5776636713735558,0.6632975363234365,0.40160642570281124,0.3088462386940216,0.32208848957450414,0.2165070200761055,0.14957264957264957,0.16421090005325759,0.13125386040765905,0.12676442373578184,0.10903426791277258,0.11431184270690443,0.09240192195997678,0.09668374746205162,0.08264462809917356,0.07588187038556193,0.065809265944645,0.06800585896631094,0.06409023905659168,0.06532066508313539,0.06690268447021436,0.06712646098768033,0.06337923149574987,0.05835258968793035,0.06437291897891231,0.06251191964569515,0.05867001153169192,0.057785653748362746,0.05107347151028898,0.06060822132696353,0.05325819918566495,0.05518763796909492,0.055785524869025285,0.05250619102849441,0.05232346517835477,0.05140935062645966,0.05601645040062398,0.05297266060347556,0.049685984577470386,0.049511316872427984,0.04713412138276628,0.047793628322867134,0.04745166959578207,0.053874421558842214,0.05017035869049851,0.05119086108416855,0.051758194167168405,0.05456529647144416,0.055280561528786465,0.06212970694659827,0.06314112527199253,0.06652889052458738,0.07305480034770385,0.07356747772540258,0.08578332300340438,0.08766880673013062,0.09558977582233397,0.10017799867575863,0.11276480724397742,0.1162867689659168,0.11754876020872072,0.12042155626677012,0.13392071893439084,0.12987524105631862,0.1360766383627259,0.14068031163747294,0.1392422212521263,0.13359287109953225,0.14252576007678938,0.14127737697393897,0.14928548633027197,0.14535901926444833,0.1442911782168648,0.14902067279948403,0.14304768256085362,0.14700971115374795,0.14181510411619147,0.14220723443514777,0.13578842152246481,0.13235403773022147,0.13384168615966455,0.12663622526636226,0.12086517820097294,0.12247014231566902,0.11827094369005345,0.12070996208769638,0.11310304620317738,0.11136699349826117,0.10845295055821372,0.11078713827854722,0.11195946374879528,0.10710624137279272,0.10301655038497144,0.10388043696803163,0.10726004356577605,0.09799252191145637,0.09839139606761478,0.10123270494873228,0.09729419161806474,0.09408821449937456,0.09175765056720428,0.095965091672636,0.0890219164792521,0.09191631762316511,0.0880611144134029,0.0887874872866214,0.08415471266390918,0.08707872909146022,0.08473079343350151,0.08540771820428199,0.08306847731869402,0.08370068634562804,0.07810737649447326,0.07338898428512329,0.06880524404449216,0.06760318078694685,0.06299982739773316,0.05624942602626504,0.055009004105408835,0.05555717152913115,0.05460630614761318,0.05555555555555555,0.049985420918898654,0.049173348045359416,0.048105432585833406,0.04986508893117394,0.044835284441228675,0.04742678490080938,0.04341861840697718,0.04568643874210005,0.045147013938345706,0.04699578636418857,0.04900484923802264,0.05522149957049945,0.06034611416446588,0.07073340057372647,0.08459342286137253,0.10044046983449012,0.12589201561868857,0.1501981119893434,0.18072041729987268,0.20443601948195705,0.2275725823903498,0.2536287886239409,0.2739319829710324,0.29031341056072774,0.30923643211778806,0.3300199663875203,0.3360190772121256,0.3539091035522665,0.3696714031971581,0.38369662585846526,0.4001056882950213,0.39703748950141254,0.40782844893631837,0.4130838630787681,0.4289181554132017,0.4254890910554706,0.42777175728637895,0.42470978851017904,0.4513397973781299,0.4553148273527421,0.4609703188485641,0.46752700975327877,0.47050097406659397,0.48323632341474915,0.48506533627200543,0.4908067401627904,0.4871770426160739,0.4993788096439803,0.4988046397686019,0.5041260315078769,0.49513471917052276,0.4926941809792361,0.5013550135501356,0.4980048054023731,0.4934299028206756,0.5014310996526032,0.49311086951698435,0.5080283100604233,0.4987673484295106,0.5041480536056158,0.49078677976016377,0.5107825235998235,0.5082569029647309,0.5110343977314757,0.495068118866482,0.5076498684580215,0.5006741102399309,0.5154569069865492,0.5036357977534448,0.5015334923621709,0.5176459761652786,0.5201023049811297,0.5085063504710128,0.5257772530499804,0.5331332438196036,0.5311936703408892,0.5337992722376288,0.5489094460857914,0.5345768880800728,0.5328582219448914,0.5410677960449528,0.5170726769687564,0.5275980989310777,0.5130564622543232,0.5076953118065787,0.505775098067703,0.5100423325811685,0.5106244371634957,0.4977527203911055,0.5134762136710505,0.5191542809294536,0.5288212993279339,0.5277949898203063,0.5431178394200644,0.5188634644478063,0.5314266389680661,0.5339925834363412,0.5518063730464785,0.5506952038743946,0.5536184823401028,0.5644045260901419,0.5682920744046793,0.5617026081065825,0.5492780916509731,0.5761422771201464,0.5600699734777946,0.5533130131531977,0.545092680608365,0.5632302627332,0.5769942468795208,0.5721815722856053,0.5730195796658882,0.5887998818708702,0.5825020939617757,0.5634626632871905,0.5649943901266229,0.5610301424312686,0.5689566996249574,0.598565203996303,0.5754184861717613,0.6103308511641059,0.5657156791026579,0.5553042866475703,0.5853760518475931,0.5716134598792062,0.5513381725494542,0.5891143169147652,0.6304791641647652,0.5584512285927029,0.5416209942613966,0.5891859134065046,0.5716277448588358,0.6210503377642188,0.5584928140591258,0.5965755016657628,0.5936036181553869,0.6200770906653259,0.555220797107687,0.577325211382853,0.615254555701672,0.6158849034292471,0.574597781552913,0.646212041609751,0.6052344601962922,0.6288589069288818,0.5715646582519647,0.5846498320686653,0.5895453949954147,0.6355932203389831,0.6392561383117826,0.6541913890156701,0.7050063371356148,0.5794423916694659,0.6714335542378793,0.6642402183803457,0.6463878326996197,0.6537242472266245,0.6014102032351721,0.6778566817301485,0.6135653726015172,0.6395348837209303,0.5873715124816447,0.6648268941294531,0.7196162046908315,0.5397176861334071,0.4959159859976663,0.7300454250486696,0.6473594548551959,0.5617977528089888,0.4966229638458482,0.6855006231823847,0.528084493518963
242,580,0.573394495412844,0.43613707165109034,0.3663587129659127,0.5251066622907778,0.5523066926575698,0.4314477468839885,0.36906290115532736,0.505369551484523,0.33467202141900937,0.26472534745201853,0.27123241227326667,0.1771421073349954,0.16025641025641027,0.1331439730161548,0.1466954910438542,0.11648622721666438,0.12461059190031153,0.09144947416552354,0.0792016473942658,0.08943246640239776,0.08934554389099844,0.07793273174733388,0.06956979542719614,0.0732370788867964,0.08491956674998398,0.06532066508313539,0.06690268447021436,0.06581025587027482,0.07083561167172044,0.05951964148168896,0.06770255271920089,0.06357144370748659,0.06271621922353274,0.05585946529008399,0.05757373152068939,0.04991265285749937,0.05068118954764891,0.05184293263763462,0.058210982472026385,0.057991912479232625,0.04398204319339966,0.04700283485847741,0.05459831241579806,0.04815696418497778,0.045048626016906484,0.049511316872427984,0.04899467880577021,0.04839861095986545,0.04510837727006444,0.04650213229289538,0.04520845508374591,0.054962819269317814,0.051758194167168405,0.051447279530218784,0.055787722643729463,0.05417710445743369,0.062169723344731115,0.06558521831856486,0.06750633449851115,0.07129687656103831,0.08623245034897195,0.08722603497896834,0.0916614288707312,0.09931810169141736,0.1064297057134169,0.11049312211352237,0.1187774928938293,0.12365434972359617,0.12672497881254297,0.12397182100830414,0.13063357282821686,0.13379920943781395,0.13284460568108264,0.135443187873764,0.1348904515012471,0.14271166506504496,0.1421935392361973,0.1446584938704028,0.14705273186694834,0.14324994059540377,0.14438146048682896,0.1440629686139178,0.14181510411619147,0.14125282346578436,0.13956032212031105,0.13577163025377179,0.13015797002682974,0.1263318112633181,0.12868232902989157,0.11800042909246942,0.12328492384648962,0.11983100605307723,0.1160180731671768,0.10845923909882876,0.11019283746556474,0.11078713827854722,0.10965102119727373,0.10653348072374036,0.10527444737971053,0.1091861582110225,0.1017453883695922,0.1001822989374107,0.10275223356645644,0.10041850088748243,0.1019014374607029,0.09898297710338826,0.09640015074471164,0.09514487721389553,0.09894386382678484,0.09384270751347097,0.0880611144134029,0.0887874872866214,0.08965502068115815,0.09038551627214858,0.09411465980724434,0.08872452279473955,0.0902918231724935,0.08481669549690309,0.08092713737875028,0.0779226667120035,0.07394422492748327,0.06874899741045443,0.06904090673724182,0.06141518964092203,0.06079942559018871,0.058756799208819335,0.05519347072984558,0.057624113475177305,0.05296074359264262,0.055170097806988616,0.05294623083346444,0.051700613677106724,0.048854999598028484,0.04836283986595693,0.04908191646006116,0.0507627097134445,0.05150574829585919,0.05370947013050122,0.05316865995759319,0.0590966925228152,0.06423941185249593,0.07728278951573819,0.09021095484826055,0.11211959423384943,0.14036623131816345,0.16650921917370648,0.1872236141345272,0.21896446756696922,0.24642061835519474,0.26065451684067054,0.2873461780134283,0.3013289744865326,0.32279004736631856,0.32858353563066495,0.3558911731762836,0.3553730502060505,0.37633214920071045,0.38966855777844134,0.4050126448495829,0.40161869130335187,0.41401939313269515,0.4173949849894574,0.42374567301953603,0.42106110619112797,0.43551238908489437,0.4288291851009664,0.44506537943496777,0.4434664861205146,0.45107086288823084,0.46708925038085064,0.4655859591428214,0.47235670637726884,0.47722682798624105,0.49314837537349077,0.48813042234722087,0.4804519159840044,0.48749053058252906,0.5086271567891973,0.49969117364141713,0.5024352730069213,0.4919741505107359,0.49641711739365135,0.49235371982651926,0.4899604535821189,0.49532959108961416,0.5040901061064665,0.5044740686632578,0.506468643035331,0.5036560397777128,0.5066055637105725,0.50219901377564,0.5104179509308346,0.5138681740133104,0.5063727618707058,0.5131091535007919,0.5011764385871856,0.510709334238746,0.5163498436874936,0.5161122103099741,0.5193225414054459,0.5303775913514864,0.5249901613537977,0.5323434167917227,0.5487406084001978,0.5482262795954026,0.5448733472175135,0.5272650461458468,0.541889717232093,0.540234101443959,0.5212902355084689,0.5207350342295352,0.5130564622543232,0.5094704702394688,0.5084992009298271,0.49978553978703166,0.5125404763273361,0.49972401829364455,0.5073875629160578,0.5212476449654595,0.5255902119593314,0.5178365937859609,0.5236799377987148,0.5578668683812406,0.5350500024155757,0.5426452410383189,0.5441952506596306,0.5272613654116545,0.5256713954912033,0.5901826174259898,0.5419565880298284,0.5602912950208875,0.5492780916509731,0.5404014410705095,0.5417301506686981,0.5368371914215888,0.5421221482889734,0.5583887418501066,0.5803586448205094,0.5999237091236952,0.6035566732530986,0.5777252759422644,0.5672732810477423,0.5966075258334959,0.536945023240904,0.5755216959258033,0.562563927719059,0.5831609524228687,0.5776928675400291,0.5938354227542653,0.5827846866617897,0.5779184883662495,0.582762765901845,0.5635245901639344,0.5568792597107552,0.600609230415541,0.5884472198871142,0.586373790022338,0.5932039460958153,0.5992862433506162,0.5820843499477171,0.6210503377642188,0.6106188100379776,0.5927016347718292,0.5612986593442094,0.5823697000167588,0.6456055780321942,0.6273297572506592,0.587074957730603,0.6306661411115491,0.5845907864494854,0.6094357465587895,0.5943293347873501,0.5659730162359936,0.5596570612050488,0.6406269436497076,0.5698938818289009,0.5740841990158557,0.5884062182187999,0.5553019930016735,0.6653992395437263,0.6046355391333558,0.6452738053714684,0.6096451319381255,0.5418250950570342,0.554675118858954,0.7258399004562422,0.667097051861416,0.680499776885319,0.6511627906976745,0.7097405775819873,0.6522829904666332,0.7062899786780383,0.5535566011624689,0.6126021003500584,0.8273848150551589,0.5792163543441227,0.5805243445692884,0.6952721493841875,0.540091400083091,0.5520883341334614
240,580,0.5897771952817824,0.43613707165109034,0.5097164702134438,0.4758779127010174,0.4548408057179987,0.4314477468839885,0.5134788189987163,0.5843335439039797,0.3748326639892905,0.386057798367527,0.2797084251568062,0.20338538249573548,0.14423076923076925,0.1464583703177703,0.11581222977146385,0.14046868576127175,0.08722741433021806,0.11145404663923182,0.09504197687311897,0.08459827902929518,0.09381282108554836,0.09023789991796555,0.07521058965102285,0.08021203878077701,0.07210151893866563,0.08165083135391923,0.07108410224960277,0.08160471727914079,0.06337923149574987,0.07119015941927502,0.06881243063263041,0.06463096776927804,0.06676242691537357,0.058748747977502125,0.06314538295817547,0.06506470818924026,0.0678612538010892,0.05936851963342029,0.05740249660435935,0.057208237986270026,0.06673137587964086,0.0705042522877161,0.06239807133234064,0.06054018354682921,0.05896070169859819,0.05851337448559671,0.05519653688244998,0.060498263699831814,0.05916813122437024,0.06011251247618184,0.05568358492022362,0.05981247979308115,0.06707439448194273,0.06495868627552877,0.06846675051730433,0.07157342240248121,0.07722645321728318,0.08304315412998141,0.08600122066248682,0.08628284424584254,0.09611325195145831,0.10139473101616117,0.10693833368251973,0.11479624740956033,0.11403182755008953,0.12166658390028307,0.1269690441278865,0.1369896227330036,0.141915985736444,0.1389271517966075,0.1508506733849647,0.14679684692605874,0.14977947042796286,0.150245722067618,0.1545241021240701,0.15131739361168084,0.159923406971384,0.15761821366024517,0.15947972329232427,0.15648867918123494,0.1567189063021007,0.15355802790892603,0.15602891865175508,0.15143320713899405,0.14930439866474718,0.14322819575969975,0.14642771628018345,0.1385083713850837,0.13319222373888312,0.1349853393406279,0.13360782416856412,0.13653117071084106,0.12418014866637517,0.12968584621468532,0.1232419892706974,0.12727504136438844,0.12205889991170207,0.11884783467836625,0.12079748921854186,0.11672586734579898,0.12187387983566328,0.11414212747786956,0.11419943200091577,0.11344576586748015,0.11247100145263751,0.10795670854408006,0.10350044513384055,0.10662787963626223,0.10335361820346606,0.10567624541106409,0.10044470862778768,0.10308144808818274,0.09845551350875649,0.09920361542065088,0.10239454190172333,0.09756933503595969,0.09890427399817749,0.09569778472183472,0.09389803744642454,0.09067364853760407,0.08279469200374574,0.07848843871026881,0.07249295207410392,0.07346863807512168,0.06948505781735853,0.07271881090200413,0.06899183841230698,0.06826241134751773,0.06634969562449047,0.06176652254478073,0.06383802689063427,0.058124950287871464,0.05751284762805885,0.05990751776944342,0.06135239557507645,0.060597984720424374,0.05977210296062671,0.057865560081075726,0.06021510886763566,0.0694305403956572,0.07916371965661115,0.08514205624615225,0.10408956328645448,0.12179658302189,0.13969301198330414,0.17194625490182752,0.19783409318054243,0.22657460704007085,0.24781676916740547,0.26065451684067054,0.29052322420767995,0.30417170066093385,0.31850995834046686,0.34330695088843244,0.3454131589406367,0.36305877013841614,0.37855239786856126,0.38369662585846526,0.40425772845657343,0.40658165992211953,0.40589377887495065,0.42327378759494266,0.42852027215215055,0.4319297963126963,0.42614215059195465,0.43542021964622624,0.4429739067872471,0.4366960054163846,0.45451415191791195,0.46533821289113797,0.4843523797608622,0.4823296886616258,0.48368207010392933,0.49221172128921065,0.4871770426160739,0.5018053344721823,0.4938854618616137,0.48412103025756437,0.48804690110468707,0.49577031530376825,0.5039608088388576,0.5070017041184627,0.5031155497680826,0.5074395333085713,0.5075325597390784,0.5153421174034859,0.5004793644996348,0.5006671694610431,0.5030710734132787,0.4881075984867471,0.4991700691810945,0.5178153125385279,0.5025881409252134,0.5114811882199688,0.5157270573451836,0.503896527806112,0.5114166878872761,0.5082008504585661,0.5406524639948466,0.5154237235270266,0.5303775913514864,0.5273514364423455,0.5299739357080799,0.5399671393705435,0.5370052738726896,0.5497166658594469,0.5305147536721695,0.527931951788236,0.5243939040250776,0.536473446251434,0.517303501878764,0.5165289256198347,0.5156835247545843,0.5075911666424524,0.496988232661358,0.5029602805081336,0.5174656994164959,0.5297126156843643,0.4971739585513921,0.5255902119593314,0.5178365937859609,0.5385442155091587,0.5318645990922843,0.5386733658630851,0.5525339925834364,0.5543434138420945,0.5467895641306046,0.5589417369779883,0.5576208178438662,0.5461148227205943,0.5461781641639382,0.5606916623865776,0.5446903413964659,0.5501946842728965,0.5491940577202954,0.561430608365019,0.5664579433219289,0.5753120479090267,0.5617782709713216,0.5640380815520029,0.6127948613828491,0.5672732810477423,0.577110547865081,0.5790190735694822,0.5838025836369659,0.5881350153426526,0.5875621671581356,0.5958879184861717,0.5773399943444245,0.5827846866617897,0.5678677320468365,0.5670830502273558,0.6282355478861087,0.5901257826785615,0.5632507615380195,0.5644289660141708,0.561553735418218,0.6125475530337223,0.5790855834623931,0.5995120250958522,0.6028909711629259,0.5733859557673692,0.6081971023475634,0.6016798578581812,0.5488520194402547,0.5466127227339244,0.5727793435766888,0.615254555701672,0.6503744580212849,0.6295593084840612,0.5831669643795313,0.6543075245365322,0.6117082094671851,0.5417956656346749,0.6530663017788282,0.5895453949954147,0.5809185347184254,0.6828417841057679,0.6922257720979765,0.5861850443599493,0.5038629492777964,0.6278339727938611,0.6005459508644222,0.5608365019011406,0.6240095087163233,0.6221484861053505,0.5272218635678932,0.6358768406961178,0.6976744186046512,0.5628976994615761,0.6146512794781737,0.7462686567164178,0.691945751453086,0.5542590431738623,0.6327060350421804,0.6132879045996592,0.6554307116104869,0.6952721493841875,0.5608641462401329,0.5520883341334614
244,581,0.573394495412844,0.5607476635514018,0.5256451099076139,0.36101083032490977,0.6335282651072125,0.5113454777884309,0.5134788189987163,0.6475047378395452,0.3078982597054886,0.2867857930730201,0.2458043736226479,0.13777719459388532,0.15491452991452992,0.17752529735487307,0.1582767140210006,0.09935589968480198,0.102803738317757,0.0800182898948331,0.09504197687311897,0.08218118534274388,0.0804109895018986,0.07793273174733388,0.08649217809867629,0.07149333891330124,0.06729475100942127,0.06977434679334917,0.06969029632313996,0.05264820469621986,0.058408311378436155,0.06535490045048199,0.06437291897891231,0.050857154965989276,0.0546238038398511,0.05682255951922337,0.053859297229032016,0.05526043709223145,0.044668167058944795,0.05184293263763462,0.04850915206002199,0.047804144070718785,0.044740354282941035,0.04773725415314112,0.04679855349925548,0.04678105092254985,0.04438614622254021,0.04308127572016461,0.052095607844110096,0.04537369777487386,0.04745166959578207,0.04423373559568097,0.047413745575635956,0.04364694471387003,0.04225158707523951,0.047289923608584944,0.04868746703452753,0.057159330390870414,0.05002719925396332,0.06228236559748605,0.0651944737280142,0.07402159795827544,0.07365688467308021,0.08279831746734559,0.0916614288707312,0.10017799867575863,0.09882758387674426,0.10345797950704341,0.10485185579593208,0.11557236608153106,0.11872971201048979,0.12239757566216694,0.12907841124692856,0.12653582378261832,0.1347262573196249,0.13063236426076144,0.13379969313331247,0.13482308056396208,0.1379383709797525,0.13485113835376533,0.13635171147287464,0.13646084388472113,0.14238079359786596,0.1362049885077041,0.13309299065118654,0.13107243979257469,0.13170219587479803,0.12676161360077548,0.12524634851638333,0.1232876712328767,0.11815924137557803,0.11144484969844334,0.11207720349680875,0.11016248967226659,0.11018801923917797,0.10467915837956664,0.10729302595331304,0.10702673932914483,0.10041725099118752,0.10023311358416431,0.10216983901194428,0.09801621875209436,0.09816086249207269,0.0936129678595477,0.09675608200554917,0.09037665079873419,0.09349998915942154,0.09109697068581063,0.09066529758426137,0.08885656636355185,0.08406094280548573,0.08366036095042574,0.08310767672764899,0.08576376480936804,0.08057951245269736,0.08459863870594395,0.08114284452589396,0.08236731399636257,0.07890116240304047,0.07616762457452152,0.07359575907963005,0.07225556367840325,0.06937624192038006,0.06187409766940899,0.058684770726655545,0.054814491688860316,0.05298235658573588,0.052357543849442974,0.05460630614761318,0.05526004728132388,0.051770614523145034,0.04827383558111504,0.04719778291440259,0.04588811864831958,0.044835284441228675,0.04243449175335576,0.045621012094287615,0.046320972613518106,0.04482907722047003,0.04795488404509038,0.04708309044437469,0.054252701332420515,0.059048348268455855,0.06942352278532414,0.08459342286137253,0.10144153764014949,0.12723845428840716,0.15529533298445686,0.17524404101805835,0.19993911888421517,0.22861969549950786,0.25046721092641255,0.26898991111330756,0.29528818136592994,0.2931860982708441,0.31888762802189125,0.332405968855006,0.342563516985441,0.35449970396684427,0.3751119737234996,0.3857622768278413,0.38558448499656406,0.40705458091177127,0.410732342036574,0.41419647475430704,0.41220513646244267,0.42491994557113644,0.43006500407820264,0.4233140638986724,0.4434664861205146,0.45064045175952067,0.4491411161112959,0.4646923200657718,0.466463580481967,0.4730770294820129,0.47769358298286857,0.47573648584231093,0.47365764646503866,0.48158751709414327,0.48962240560140036,0.47944026488188657,0.4906434247628813,0.4987492182614134,0.48742021867756175,0.48589662186158133,0.49487644475518366,0.49422023030329926,0.48664948859608653,0.4902072680788897,0.48732378024018097,0.4896168470312957,0.49586480970964164,0.4937179689109127,0.49808901491801255,0.49694812438116487,0.49424024929120586,0.5013285862010288,0.503896527806112,0.5000990295107942,0.5096824855910984,0.49310572248040613,0.5154237235270266,0.5264720126228304,0.5139708776072412,0.5252349735407946,0.5439550798385682,0.5329977718288635,0.54003002857558,0.5175159235668789,0.5345003119971099,0.5310634608330277,0.5162291652608139,0.5155877357033783,0.4991666087922772,0.49615678199279284,0.49397065233183207,0.5063125897469369,0.5000862217623728,0.5125374546601482,0.5053580126643935,0.5170609168934478,0.5115888333620541,0.5100911746481367,0.516819501932356,0.54250189107413,0.5555823952847964,0.5426452410383189,0.5467322914552466,0.5546008436181846,0.564264991615874,0.5494803679483353,0.5405705097995731,0.5588799819351925,0.5507047879929237,0.5747126436781609,0.5572484622763952,0.5340912211329873,0.5317252851711027,0.5712994642050223,0.570265450997544,0.5600443874189409,0.5873899766481049,0.5869541142161026,0.5596588745907256,0.5849093390524469,0.5669979163327457,0.5610301424312686,0.5561711558131606,0.5655560934818009,0.5731441048034934,0.5632010557074182,0.5803462570104853,0.5427408412483039,0.582762765901845,0.5608283002588439,0.534714911065551,0.5747456750387953,0.5734358112165245,0.5987838173243981,0.5899800116061642,0.5858191367584675,0.5332868595329383,0.5774678579211158,0.5994489537567951,0.6120709692414968,0.5734130188984009,0.5656108597285068,0.6068692433502625,0.5909628148013456,0.6058613563779823,0.5715411903823413,0.574597781552913,0.6251970158663445,0.6106870229007634,0.6231420077749829,0.5775184567754227,0.5908695111332255,0.5960958993842526,0.6219245489338436,0.602934766816795,0.623763882549825,0.6653992395437263,0.7138058448102116,0.6278339727938611,0.6187443130118289,0.5703422053231939,0.782488114104596,0.5288262131895479,0.6132989025177534,0.5689424364123159,0.6395348837209303,0.5751346059716104,0.577019568489714,0.6796375266524519,0.6504290063659008,0.6417736289381564,0.7138221933809215,0.5110732538330494,0.5617977528089888,0.6754072308303536,0.6855006231823847,0.6481036965914547
243,581,0.573394495412844,0.514018691588785,0.47785919082510353,0.4758779127010174,0.6010396361273554,0.5912432086928732,0.5134788189987163,0.5685407454200885,0.3614457831325301,0.29781601588352086,0.22885234785556874,0.13121637580370032,0.18162393162393164,0.15089650275164213,0.169857936998147,0.1130601617102919,0.1059190031152648,0.10002286236854138,0.11616241617825651,0.10635212220825678,0.0915791824882734,0.07588187038556193,0.078971119133574,0.07498081886029155,0.07210151893866563,0.06532066508313539,0.06690268447021436,0.06449405075286933,0.06710742158373516,0.056018486100413135,0.05438401775804662,0.05933334746032082,0.0546238038398511,0.05104399414438709,0.05757373152068939,0.04991265285749937,0.04552717027161681,0.04849822730617432,0.05093460966302309,0.054857214507382214,0.050048531909730645,0.05214376992112337,0.04396227752960363,0.04815696418497778,0.049685984577470386,0.048868312757201646,0.04899467880577021,0.0502135588708604,0.0492091388400703,0.04820342981580619,0.04796506819860846,0.05011315874555448,0.05387077352093038,0.055604635451852624,0.052237594839128494,0.05566821742415205,0.05974121852657755,0.06464154611254234,0.06704396234441176,0.06948039562954689,0.0808429222021612,0.08899712198361745,0.09864515678469167,0.09458866827754034,0.1034733249991553,0.11835592855605767,0.11754876020872072,0.11840106035625385,0.12632521547244033,0.12948167971978433,0.1387981711299804,0.13074094179352105,0.13736056961358403,0.1391438214222275,0.13634479599182658,0.13769165674617403,0.14928548633027197,0.1394045534150613,0.1442911782168648,0.14528666960860856,0.1460486828942981,0.1368598201832219,0.14633768146841628,0.14029841249642094,0.13830302192102897,0.1339074888772898,0.12893006464921813,0.12663622526636226,0.12657771149902888,0.12425802760494886,0.11502660358883003,0.11807309398383893,0.11747558664917651,0.11107621805831792,0.1125126866753661,0.1145475372279496,0.10907391055939335,0.10481519877658325,0.10527444737971053,0.10164644907624601,0.10284831940882896,0.10072974319389928,0.10084436716071321,0.097161684642483,0.09675216269540142,0.09952683961494534,0.09448853302456155,0.09186401937893361,0.09453410945010363,0.08998992773285926,0.08558439557052594,0.08796283570191595,0.08745489747425857,0.0887321226818044,0.0872147580618452,0.08789532164712516,0.08612450825683995,0.08481669549690309,0.08149108955560569,0.07452240489184334,0.07137473448598772,0.06645736416343928,0.06299982739773316,0.05998025530351731,0.05877277807051575,0.057884173477995286,0.059010040514356175,0.057328605200945626,0.05296074359264262,0.05427058534274423,0.049618182038218106,0.050171009722162735,0.0528747147548283,0.04742678490080938,0.04908191646006116,0.048859108099190335,0.05086987486010784,0.05147157554173034,0.05028602176712127,0.05715909604665732,0.06326608743048842,0.0746630339389335,0.08888918261605161,0.10678056593699946,0.13800996364615592,0.1539360740524266,0.1868813406169138,0.21446756696922736,0.2362985249666669,0.25468264785645034,0.2756970086345055,0.288536706701727,0.29389944644181937,0.3214013818463881,0.33276727969071795,0.3539091035522665,0.3589402013025459,0.371006270528516,0.3884044842033744,0.38863861953119033,0.39892896665402683,0.40563737977848674,0.41976684040902396,0.4154254890910555,0.4155497070781967,0.4201784522603129,0.42415065295776067,0.43204129993229523,0.45236209627436125,0.4504543942285804,0.4633518614501975,0.4646503109757203,0.46754396480970867,0.466922061013647,0.47001620745542944,0.48433435570912764,0.47716025697785386,0.4836209052263066,0.4845029920717692,0.4839784670597283,0.48728371899103606,0.5001217227473354,0.4902013538382066,0.48449824116760254,0.4981029930554015,0.48777468972578847,0.49077794010226444,0.48442304345303705,0.4919567124890319,0.4928812669316053,0.49735270242436724,0.5024041425225003,0.495068118866482,0.504457101989732,0.49740173043444114,0.4930161709304065,0.4951475539710834,0.5044967626272354,0.5115109127440605,0.5130844327999751,0.524909781131368,0.5068870523415978,0.5236553194850329,0.52002743703042,0.5249827677412116,0.5263072924234352,0.5451384375406213,0.5345003119971099,0.5052189282022209,0.5204467238005264,0.5130140864402999,0.5061115355233002,0.5005946780750181,0.4867063780328345,0.4941909255356843,0.4952961238527716,0.5046522630499921,0.5114466634193863,0.5097341427674272,0.5158969498535241,0.4990262901655307,0.5156760959546296,0.5306826777609682,0.5338422145997391,0.5414091470951793,0.5403896894662066,0.5676196427641514,0.5589417369779883,0.5616910427916316,0.5655199179441688,0.5532347295924128,0.5464246989670719,0.5518385086063933,0.5459624174707973,0.5327182359886866,0.5525190114068441,0.5551610612613775,0.5534434612926017,0.5444394354475154,0.5784084785342195,0.5574218317398206,0.5863092971902839,0.5478650809124586,0.5469626542715179,0.5548194766478967,0.5668257756563246,0.5545530566436336,0.5617721979621543,0.5844094636629277,0.548646671543526,0.5955073119252223,0.5514033345528667,0.5257765314926661,0.58181415193661,0.606356687165929,0.5614266842800528,0.570861255894763,0.5609646011993036,0.5824523601104303,0.6029975601254793,0.5992590978426673,0.554769528632065,0.5849539009839623,0.5774511387497981,0.5907491201608849,0.5896530946027374,0.600054550413674,0.5964681570542927,0.6503744580212849,0.5346257619666234,0.6146895029946412,0.5616139585605234,0.5774068145437915,0.6191950464396284,0.5597711158104242,0.6091969081619285,0.5399125205030071,0.61746331541479,0.5933363760839799,0.6337135614702155,0.663419549882432,0.5755144750610394,0.6278434940855323,0.5703422053231939,0.6240095087163233,0.6221484861053505,0.5164622336991608,0.5466309683177153,0.627906976744186,0.5751346059716104,0.6146512794781737,0.5597014925373134,0.5812344312205923,0.6271878646441074,0.7300454250486696,0.6132879045996592,0.6367041198501873,0.6158124751688517,0.6855006231823847,0.6240998559769564
242,581,0.573394495412844,0.4984423676012461,0.5734310289901242,0.5579258286839515,0.5847953216374269,0.4314477468839885,0.5134788189987163,0.5369551484523057,0.44176706827309237,0.2757555702625193,0.2797084251568062,0.14433801338407035,0.14957264957264957,0.1331439730161548,0.09264978381717108,0.1336165547485268,0.10903426791277258,0.14860539551897575,0.081841702307408,0.09668374746205162,0.0804109895018986,0.0881870385561936,0.08273164861612514,0.07498081886029155,0.06729475100942127,0.06383610451306414,0.06690268447021436,0.061861640518058335,0.06462196152507829,0.06185374506920617,0.06215316315205328,0.060392871522112264,0.0546238038398511,0.05682255951922337,0.0557165143748607,0.051695247602410066,0.048963183122304875,0.05518763796909492,0.055785524869025285,0.05642456349330742,0.051565154088813396,0.04994051203713224,0.053889243423385094,0.051596747341047626,0.0423987068394414,0.04436728395061728,0.046513935575098295,0.044163732500877226,0.04452255418863503,0.051606024861627804,0.05513226229725111,0.05172971225347559,0.052286339005608896,0.0483292625889934,0.056294883758672455,0.05218895383514255,0.05925551756294684,0.06416971000953109,0.07213005603950506,0.07674631935551257,0.0866815776945395,0.09253929599291565,0.09733570780082408,0.10404753510529438,0.1089637463256411,0.11959742431014218,0.11713918264701786,0.13133223418355802,0.13072261221356957,0.13341729308512731,0.13646542875804796,0.13609291017103362,0.13547891797504177,0.14321451832553733,0.14688879354852782,0.14773167338391588,0.14786709691145705,0.1499124343257443,0.14981428551703188,0.14426830510200617,0.1470490163387796,0.14766454282926575,0.14698376394730553,0.145070467343238,0.14930439866474718,0.14043198369497675,0.13199982809324715,0.13028919330289193,0.1292836483244238,0.12962168347278838,0.11945070372686195,0.1154362258799815,0.11864159743477627,0.1151470742175233,0.11686240394374366,0.11570458305853495,0.11397935098137664,0.10882452331994982,0.11176590123958545,0.1094654066974957,0.10863870736482202,0.10812024065649514,0.10983859450207413,0.10611792931623143,0.10271448084469786,0.10224615217273073,0.10322735688810482,0.09705871095095664,0.1005975217180403,0.09301711184619704,0.09521607995949188,0.09456004837955963,0.09625539030185691,0.09451900024800904,0.09770260871485191,0.09535813197565465,0.0914031071500011,0.09290776184364712,0.0831829460861719,0.07933944247040356,0.07308772811365143,0.07075417650159269,0.0681778954030263,0.0631371108458077,0.06485272062953462,0.06108380115768347,0.06458810404556398,0.0644208037825059,0.05861385667275616,0.05846831017588467,0.05597172973823384,0.05445390079600589,0.0507102527473207,0.04649072993566182,0.050655054808140046,0.053935379070534785,0.0550030521924916,0.05179127476869761,0.05637159128033977,0.05586736506255208,0.06586161922250845,0.07793772840993936,0.09814158824151423,0.11378804057661505,0.14777164400161572,0.16684903390671404,0.19783409318054243,0.2175808058445871,0.24746773146435277,0.26557252659238134,0.28169809589031425,0.2945774998223296,0.3167265879130286,0.3249924587385265,0.34938757813346827,0.34951726359091473,0.37855239786856126,0.38033741415347866,0.39368889895444076,0.3955104222340994,0.41750179924315706,0.410732342036574,0.4181753073648191,0.42790435552693024,0.42166073218228783,0.4383037972597774,0.4354446052554525,0.44135071090047395,0.4467667516011294,0.4517676723458649,0.45709638791085055,0.46963680211789877,0.47399920692739694,0.47488362073002816,0.4871770426160739,0.4755988663276003,0.4855228594197338,0.4886221555388847,0.47792144672492176,0.4921814919251474,0.49353762768396914,0.48106946664267497,0.4778252494054089,0.4795822499945378,0.5086419205253933,0.48608688803123556,0.495913988312637,0.4786215698787492,0.4855220824802574,0.4928812669316053,0.501593224856731,0.49377388731352484,0.506348151954579,0.5102040816326531,0.5000196342788329,0.4998163939777225,0.5043431514019749,0.5059783977597677,0.5161122103099741,0.5045070334674526,0.5147552764368624,0.50452577725305,0.5268146275965564,0.5240153774984447,0.5313947710113331,0.5303433912917132,0.5418887300142987,0.5197215015271437,0.52272651482309,0.5136986301369864,0.5198771511418424,0.4991666087922772,0.5068077325901337,0.5030509952055789,0.4960557969528001,0.5077503784177348,0.49873836934237503,0.5307273908101965,0.5097341427674272,0.5105118042391866,0.5289014782685669,0.5236799377987148,0.5306826777609682,0.5362577902314121,0.5253399258343634,0.5454637710574386,0.5519970837889913,0.5602725506374597,0.5345562098065286,0.5530452138718709,0.549000790335328,0.5549848770187753,0.5432607079544804,0.5346763726651994,0.5395831617101903,0.528754752851711,0.5583887418501066,0.570265450997544,0.5773832229427471,0.5748158792886653,0.5648049023588911,0.5767912891190131,0.5790602456619224,0.5710049687449912,0.5858728055647565,0.5710876235935902,0.5567536640112671,0.5708697234352256,0.5726270147987558,0.5632772494513533,0.56284235388713,0.5435634767156222,0.552739430543572,0.5679614340333573,0.5833668601643772,0.5734358112165245,0.5398361876396128,0.5416209942613966,0.5757188068143559,0.5681422098292088,0.5956272245224087,0.5808325266214909,0.6120709692414968,0.6703278953319335,0.5781799899446958,0.5724369458552122,0.6318756250568234,0.6199511553635169,0.5813953488372092,0.6345558109323474,0.6251970158663445,0.6324972737186477,0.5659730162359936,0.5953798523457966,0.5970891901977858,0.6026464037730905,0.5877528704209951,0.602934766816795,0.5781226228510573,0.5307351077313055,0.663419549882432,0.680153470526683,0.6187443130118289,0.5893536121673003,0.6537242472266245,0.6325176275404397,0.6132989025177534,0.6247211066488175,0.5930232558139535,0.5628976994615761,0.5644756648268942,0.6663113006396588,0.6365900913368392,0.5980163360560093,0.7624918883841661,0.6132879045996592,0.5430711610486891,0.5760826380611839,0.43622766929788115,0.672107537205953
241,581,0.6225425950196593,0.6230529595015576,0.4300732717425932,0.4102395799146702,0.4873294346978557,0.4793863854266539,0.4492939666238768,0.6001263423878711,0.33467202141900937,0.3639973527465255,0.23732836073910832,0.20338538249573548,0.16025641025641027,0.12426770814841115,0.11967263743051265,0.11991229272303687,0.08722741433021806,0.13717421124828533,0.10824225143882994,0.09426665377550034,0.07817735090462363,0.09023789991796555,0.08085138387484958,0.0767245588337867,0.07210151893866563,0.05938242280285035,0.06411507261728877,0.061861640518058335,0.07207834170104886,0.06535490045048199,0.06548279689234185,0.05721429933673793,0.055635355762811305,0.059711842206641504,0.058502340093603736,0.06149951869941887,0.054117202398336964,0.05936851963342029,0.06952978461936485,0.05328986552145701,0.062939820431934,0.057284704983769336,0.05318017443097214,0.053660617234689525,0.05498582293240056,0.04822530864197531,0.05643690849778593,0.05202850678185536,0.054481546572934976,0.04820342981580619,0.05347829442833357,0.053346265761396706,0.061792946097537785,0.059761991373486464,0.06593094494258936,0.06560897053560777,0.06896953683556108,0.07690928479083504,0.0818398712755923,0.08719108471158825,0.09117285115021513,0.09962364401151207,0.1065018506878972,0.11006681399568331,0.12416798999898637,0.12166658390028307,0.1310648197449151,0.1325445317298678,0.1343204822744935,0.1397142744696761,0.14385244626916738,0.142591728915156,0.14977947042796286,0.14580496180946179,0.14797955191646245,0.15239310968001032,0.1524768625226056,0.15691768826619965,0.15533739281719897,0.15886486302997385,0.1567189063021007,0.14864679034254247,0.15538283617286583,0.15238761810835744,0.15181899906331134,0.1457137175950091,0.13660447325929065,0.13637747336377473,0.1337935430334153,0.134091396695988,0.12829890400292582,0.12451877157104602,0.12476315405917504,0.12619654093536645,0.12208206466579673,0.12004350492323002,0.12032756799806091,0.11397936916142112,0.11599945810472127,0.11197864307575453,0.1136018970413875,0.1127735168366481,0.10902093747104132,0.10883194285373096,0.10298549530602953,0.10251808342850927,0.104046621625312,0.10225340252297968,0.10114874101512546,0.0974202887383247,0.09769279880236884,0.09593446768740208,0.09763046730616914,0.09534569704318113,0.09549464015632418,0.09231772776773522,0.09890427399817749,0.09458177557055969,0.08854049176629822,0.08273970429056371,0.07537171961720303,0.07304580974860783,0.0678902249582878,0.06428505831573147,0.06774793137192456,0.0669013060298438,0.06312019258998297,0.06294326241134751,0.05950645347487935,0.05906798515204759,0.05839212886204936,0.05323021763205071,0.0528747147548283,0.052731096369978844,0.049396544129676936,0.04949364197060839,0.051187811577983515,0.05147157554173034,0.05957452260308635,0.05845082703076258,0.06326608743048842,0.07859266730414052,0.09417627154488739,0.11245328350240255,0.14103945065302276,0.16039255397957033,0.18380087895839323,0.21170024352446312,0.23909082659108838,0.25854679837565164,0.2788740548287572,0.2963542036813304,0.3188666324259545,0.32966085869830647,0.3399934964049572,0.34951726359091473,0.3696714031971581,0.3784711854284861,0.37821311289774656,0.3905474536153317,0.39931590066630035,0.4130838630787681,0.4173795408427167,0.4202560180339748,0.4155497070781967,0.4201784522603129,0.42498724201684895,0.43923493568043337,0.44074099579918735,0.4456390411318706,0.45709638791085055,0.46374367622259693,0.4712326745912448,0.4673903880557871,0.469539517589856,0.4785106961214427,0.4879824483732279,0.47861965491372843,0.4804528103198631,0.48602922327608306,0.4914529914529915,0.4911248240312457,0.4842823473703468,0.488321789857764,0.4859000244059373,0.4798982818178749,0.495913988312637,0.48500319081046583,0.49078677976016377,0.49228455837599805,0.4961411245865491,0.49623967451608925,0.48692142830285634,0.4865776097673112,0.5032920140843227,0.49369619323513814,0.5022210904563845,0.4956069518320419,0.498473902973972,0.49125105268082714,0.5202230866569808,0.5155450609996065,0.5236553194850329,0.5303960822472842,0.5273872689675071,0.5263072924234352,0.5256401923826856,0.5156162763965976,0.5268949878280588,0.5077940481813887,0.49928795703721496,0.4991666087922772,0.49615678199279284,0.48761441232020925,0.48952874699289484,0.49050602594317033,0.49873836934237503,0.48506251014775126,0.5013606866234038,0.5115888333620541,0.5211560591307427,0.5076722541105445,0.5354103630862329,0.529011063336393,0.5451174289245982,0.5492693322508626,0.5428839243868145,0.544302786723803,0.5440534013513147,0.5280958057272752,0.530653720221294,0.5407179135992696,0.541831074512495,0.5290333502624005,0.5217343548342807,0.5406368821292776,0.5325672971402751,0.5534434612926017,0.5548427367617991,0.5873899766481049,0.579571043597032,0.5672732810477423,0.5361668941314096,0.5710049687449912,0.5506790327923153,0.562563927719059,0.5787597376876018,0.552674672489083,0.5419926477519087,0.5681541087539624,0.5502789084878636,0.5226571891496368,0.552739430543572,0.52917382390425,0.5862405885395712,0.558424402545935,0.5584512285927029,0.5803082081372106,0.5757188068143559,0.5646566747995818,0.5883634778818916,0.5659393849132475,0.5965755016657628,0.5936036181553869,0.6242668007373889,0.5293965739863993,0.5591417401581962,0.6011647567161376,0.5518328734726055,0.5895872888977716,0.6146895029946412,0.5779716466739367,0.5316716213126,0.5537032626815909,0.6157482273914666,0.5764443862177387,0.5945872061235649,0.5593491210228099,0.5857294994675186,0.6257921419518377,0.5962378233120591,0.6016742239274503,0.5277525022747952,0.5893536121673003,0.6339144215530904,0.6325176275404397,0.6563374219926835,0.5243195002231147,0.5232558139534884,0.5384238864415076,0.6773707977922729,0.6663113006396588,0.595073346249654,0.4813302217036173,0.6327060350421804,0.5281090289608177,0.6928838951310862,0.6158124751688517,0.5608641462401329,0.672107537205953
